50
 
C                4.376892            3.091230           -1.080336
H                5.359669            2.643258           -1.288940
H                4.511077            4.179486           -0.973618
H                3.720944            2.919609           -1.949962
C                2.441609            3.237491            0.487536
H                1.720251            3.126312           -0.338152
H                2.636753            4.315654            0.602096
H                1.971771            2.894501            1.423405
C                4.715363            2.735923            1.386385
H                4.303776            2.309314            2.316215
H                4.861313            3.815559            1.550826
H                5.699420            2.282120            1.196691
C                3.760470            2.533111            0.205878
C                3.601923            1.015724            0.013361
C                2.357059            0.386846            0.140840
H                1.507311            1.020038            0.381496
C                2.110313           -0.997177            0.017196
C                0.733162           -1.527027            0.169356
C                0.556028           -2.912175            0.336247
H                1.432086           -3.564040            0.353998
C               -0.716077           -3.444538            0.490361
H               -0.843680           -4.520703            0.628931
C               -1.829842           -2.607302            0.472016
H               -0.323736            0.382874           -0.010704
O                4.700447            0.417428           -0.252758
O                3.003659           -1.882969           -0.218934
C               -5.232837            0.889281           -1.823765
H               -4.430563            1.636811           -1.724994
H               -5.891949            1.203679           -2.650010
H               -4.780002           -0.069862           -2.126096
C               -7.136289           -0.300426           -0.695008
H               -6.716941           -1.289592           -0.944212
H               -7.817529           -0.018154           -1.515050
H               -7.738384           -0.397502            0.223153
C               -6.709901            2.120666           -0.225041
H               -7.320274            2.062573            0.688398
H               -7.359501            2.428928           -1.059835
H               -5.950821            2.903667           -0.070391
C               -6.060023            0.782444           -0.545929
C               -5.196919            0.349959            0.642181
C               -4.209623           -0.800109            0.462602
H               -4.476688           -1.471978           -0.372130
C               -2.813902           -0.259675            0.247782
C               -1.671750           -1.229070            0.292339
C               -0.390068           -0.697775            0.140706
H               -2.825674           -3.041662            0.597089
O               -5.293591            0.851565            1.731131
O               -2.613491            0.915481            0.044393
H               -4.229780           -1.399070            1.389264
Cu               4.775567           -1.412699           -0.467806