50
 
C               -4.078996            3.068043            1.366766
H               -5.085562            2.669780            1.578150
H               -4.150229            4.166765            1.400658
H               -3.408599            2.745920            2.179392
C               -2.162384            3.263374           -0.214800
H               -1.459918            3.012039            0.595210
H               -2.265058            4.359152           -0.218304
H               -1.714530            2.968555           -1.177314
C               -4.472799            3.117316           -1.118550
H               -4.145548            2.766084           -2.110564
H               -4.478742            4.217842           -1.135631
H               -5.532423            2.828149           -0.978978
C               -3.533807            2.633711           -0.003441
C               -3.477484            1.117778           -0.018452
C               -2.338060            0.383724            0.012520
H               -1.435592            0.989770            0.013357
C               -2.123753           -1.057002            0.035864
C               -0.738572           -1.565062           -0.005270
C               -0.544307           -2.959702            0.023170
H               -1.416551           -3.613877            0.083952
C                0.734564           -3.489892           -0.028944
H                0.878481           -4.572766           -0.008769
C                1.841105           -2.643639           -0.112418
H                0.319334            0.359644           -0.110115
O               -4.716216            0.536466           -0.026904
O               -3.046289           -1.901231            0.088131
H               -5.391966            1.221797           -0.166912
C                5.426906            1.338385            1.529585
H                4.841369            2.208267            1.190645
H                6.122528            1.674548            2.316284
H                4.729333            0.616720            1.990008
C                6.969302           -0.524040            0.883485
H                6.295863           -1.255680            1.361823
H                7.709249           -0.220292            1.642185
H                7.515056           -1.029340            0.068982
C                7.187834            1.717853           -0.219522
H                7.751548            1.280899           -1.058402
H                7.907073            2.051304            0.546133
H                6.656919            2.602035           -0.605292
C                6.218431            0.712172            0.378800
C                5.232308            0.268717           -0.681454
C                4.163562           -0.715636           -0.309981
C                2.794996           -0.261305           -0.236182
C                1.673588           -1.256262           -0.137324
C                0.382419           -0.731039           -0.082209
H                2.840476           -3.084436           -0.161052
O                5.240973            0.634975           -1.831896
O                2.536532            0.939231           -0.245435
H                4.432317           -1.776074           -0.242402
Cu              -4.915998           -1.495424            0.095377