50
 
C               -6.230885            0.569392            1.540454
H               -6.456169           -0.504209            1.652899
H               -7.174407            1.117432            1.691628
H               -5.537638            0.856984            2.346855
C               -5.410293            2.423875            0.092043
H               -4.757209            2.776854            0.905662
H               -6.371033            2.949165            0.204001
H               -4.975561            2.728559           -0.873702
C               -6.646769            0.532805           -0.941389
H               -6.234542            0.710751           -1.947873
H               -7.558229            1.141060           -0.837439
H               -6.996728           -0.516188           -0.889563
C               -5.650437            0.920916            0.161155
C               -4.369905            0.127115           -0.017056
C               -3.120321            0.653330           -0.005916
H               -3.099450            1.733450            0.123735
C               -1.816779            0.008560           -0.108226
C               -0.610714            0.857010           -0.156069
C               -0.646170            2.244205           -0.387301
H               -1.589424            2.766373           -0.564902
C                0.533463            2.974302           -0.424835
H                0.502153            4.050036           -0.612986
C                1.757868            2.340195           -0.220115
H                0.687089           -0.843887            0.207500
O               -4.587149           -1.215834           -0.153934
O               -1.652634           -1.229720           -0.134531
H               -5.539748           -1.377183           -0.264516
C                5.853410           -1.258416           -1.286882
H                5.344791           -2.107136           -0.802101
H                6.579911           -1.656647           -2.014385
H                5.096456           -0.688227           -1.853685
C                7.193931            0.831916           -0.973318
H                6.439679            1.416951           -1.527273
H                7.943292            0.489761           -1.706096
H                7.703613            1.501885           -0.260765
C                7.653822           -1.172743            0.461957
H                8.171052           -0.552687            1.210304
H                8.401013           -1.545883           -0.257210
H                7.221237           -2.035984            0.991621
C                6.579956           -0.381217           -0.265728
C                5.569646            0.137650            0.735367
C                4.359589            0.871724            0.235950
C                3.086145            0.192957            0.250602
C                1.816900            0.960904            0.007950
C                0.629256            0.232511            0.028445
H                2.671001            2.941129           -0.238965
O                5.665990            0.034439            1.934275
O                3.030282           -1.016343            0.455024
H                4.454600            1.942562            0.022186
Cu              -3.026481           -2.561283           -0.133590