50
 
C               -4.359773            2.750152            1.563648
H               -5.360037            2.418156            1.248416
H               -4.426080            3.811586            1.851778
H               -4.064409            2.178401            2.459119
C               -1.985632            3.135501            0.899156
H               -1.630755            2.646920            1.821086
H               -2.092489            4.208392            1.125181
H               -1.209778            3.045168            0.121199
C               -3.790541            3.365178           -0.806932
H               -3.083257            3.237923           -1.643367
H               -3.840034            4.440292           -0.571960
H               -4.787233            3.041015           -1.140467
C               -3.332418            2.598483            0.437014
C               -3.291521            1.106887            0.070327
C               -2.133293            0.337871            0.249380
H               -1.262441            0.842236            0.660986
C               -2.008728           -1.046442            0.000591
C               -0.714027           -1.730837            0.224088
C               -0.715807           -3.121296            0.417379
H               -1.666556           -3.658851            0.403596
C                0.474307           -3.802887            0.643227
H                0.461497           -4.882939            0.807889
C                0.504657           -1.039182            0.232018
H                0.519936            0.038161            0.047120
O               -4.401944            0.659823           -0.377446
O               -2.951548           -1.807479           -0.410507
C                5.416190           -0.129481           -1.663803
H                5.627656           -1.086835           -1.163949
H                6.160226            0.005183           -2.466353
H                4.431475           -0.200131           -2.155900
C                5.195421            2.358756           -1.420354
H                4.187710            2.357675           -1.870104
H                5.919849            2.506159           -2.238721
H                5.273922            3.220687           -0.738242
C                6.917066            1.107564           -0.094722
H                7.020463            1.960733            0.591690
H                7.664781            1.209449           -0.897431
H                7.142169            0.189996            0.472190
C                5.520169            1.044225           -0.696927
C                4.496074            0.967766            0.441067
C                3.094827            0.436629            0.157307
H                2.775773            0.610140           -0.885708
C                3.036832           -1.044378            0.468448
C                1.700564           -1.722248            0.447452
C                1.677075           -3.108113            0.659907
H                2.628884           -3.617137            0.835641
O                4.737643            1.369678            1.548890
O                4.038998           -1.670219            0.721085
H                2.400071            0.980348            0.819561
Cu              -4.633971           -1.127656           -0.783416