50
 
C                6.204252           -2.131535            1.311383
H                7.108087           -1.555995            1.061167
H                6.498048           -3.177462            1.498604
H                5.785176           -1.723342            2.246081
C                3.961807           -2.913229            0.538806
H                3.496807           -2.575139            1.479529
H                4.271270           -3.961378            0.683267
H                3.202186           -2.900542           -0.260340
C                5.801554           -2.602933           -1.121537
H                5.088794           -2.539011           -1.960601
H                6.086162           -3.660583           -0.996475
H                6.701311           -2.030734           -1.393135
C                5.182552           -2.081672            0.175295
C                4.818169           -0.600132           -0.049970
C                3.523152           -0.086059            0.082527
H                2.671023           -0.689332            0.386999
C                3.476709            1.306353           -0.163371
C                2.198140            2.078739           -0.061483
C                2.270961            3.477827           -0.015386
H                3.258404            3.945476           -0.055515
C                1.113945            4.244307            0.079590
H                1.182381            5.333915            0.122122
C                0.951442            1.461548           -0.031027
H                0.902043            0.372240           -0.086667
O                5.772579            0.147502           -0.365895
O                4.503940            1.941602           -0.460647
C               -2.605710           -2.284476           -1.541109
H               -3.111590           -1.776436           -2.378791
H               -2.725967           -3.371452           -1.678841
H               -1.531315           -2.060658           -1.613282
C               -2.442340           -2.553677            0.957382
H               -1.364673           -2.335348            0.935916
H               -2.558228           -3.646695            0.875139
H               -2.828971           -2.242744            1.942023
C               -4.651017           -2.314291           -0.140831
H               -5.130661           -2.114925            0.848278
H               -4.716817           -3.408473           -0.248011
H               -5.247871           -1.928994           -1.003717
C               -3.190914           -1.862246           -0.188109
C               -3.047032           -0.344064           -0.036161
C               -1.766277            0.228246           -0.050848
H               -0.904951           -0.425521           -0.174255
C               -1.545879            1.605621            0.072993
C               -0.223958            2.225089            0.052802
C               -0.128259            3.626847            0.115369
H               -1.039829            4.223647            0.185035
O               -4.086452            0.393981            0.099110
O               -2.543589            2.437739            0.212254
H               -3.384976            1.919329            0.208325
Cu              -5.871912           -0.342000            0.123472