50
 
C               -4.148957            2.471633            1.523334
H               -4.421428            1.903299            2.428102
H               -4.438119            3.522434            1.690632
H               -3.051653            2.445656            1.419263
C               -4.442143            2.714414           -0.958290
H               -3.351434            2.693857           -1.117903
H               -4.738648            3.770934           -0.850233
H               -4.928891            2.323091           -1.866920
C               -6.379574            2.066833            0.477317
H               -6.931401            1.678564           -0.392291
H               -6.645954            3.127410            0.611919
H               -6.724661            1.508251            1.360838
C               -4.875056            1.933761            0.286633
C               -4.511066            0.469008            0.097898
C               -3.110186            0.103247           -0.093941
H               -2.345218            0.879657           -0.116350
C               -2.765731           -1.209253           -0.271823
C               -1.375781           -1.667408           -0.492197
C               -1.160849           -3.000804           -0.867621
H               -2.026381           -3.655419           -0.988480
C                0.125046           -3.471725           -1.113991
H                0.270402           -4.490443           -1.484406
C               -0.271164           -0.817462           -0.310536
H               -0.413152            0.205961            0.047906
O               -5.380341           -0.406348            0.103236
O               -3.647282           -2.183934           -0.282689
H               -4.546512           -1.752242           -0.140654
C                4.956665            2.841642           -1.344446
H                5.842869            2.290684           -0.994600
H                5.276676            3.855819           -1.636569
H                4.558996            2.340976           -2.241952
C                2.687293            3.732493           -0.740392
H                2.307276            3.354285           -1.702207
H                2.988707            4.780637           -0.902271
H                1.867390            3.736883           -0.004207
C                4.480040            3.617486            1.002276
H                3.742566            3.658910            1.819879
H                4.774220            4.651273            0.762031
H                5.369819            3.082072            1.366600
C                3.899871            2.962612           -0.246378
C                3.506127            1.484782            0.101639
C                2.360040            0.861657           -0.422196
H                1.659977            1.389236           -1.068135
C                2.221403           -0.496674           -0.110521
C                1.020094           -1.286239           -0.510100
C                1.229743           -2.628886           -0.939357
H                2.213288           -2.926134           -1.343491
O                4.319613            0.880956            0.818035
O                3.086672           -1.130739            0.564241
Cu               2.275417           -2.956615            0.873003