50
 
C               -0.876000            1.414677            1.895060
H               -1.582511            0.762808            2.437871
H               -0.383626            2.057431            2.642827
H               -0.087903            0.798827            1.433163
C               -0.573402            3.141386            0.091222
H                0.240829            2.530079           -0.328031
H               -0.102266            3.858663            0.782594
H               -1.050715            3.725976           -0.712469
C               -2.574170            3.241363            1.597544
H               -3.122384            3.880785            0.888342
H               -2.019043            3.895060            2.287570
H               -3.315376            2.677440            2.184467
C               -1.598825            2.317362            0.881279
C               -2.351525            1.397644           -0.044909
C               -1.577060            0.391357           -0.886080
H               -0.505193            0.613074           -0.854225
C               -1.876326           -1.054284           -0.517800
C               -0.794845           -1.940800           -0.092663
C               -1.125795           -3.144736            0.557824
H               -2.179168           -3.398582            0.700601
C               -0.122031           -3.979488            1.026381
H               -0.378412           -4.908819            1.540407
C                0.554494           -1.614639           -0.293175
H                0.835989           -0.714544           -0.834342
O               -3.578369            1.429978           -0.115095
O               -3.042958           -1.467185           -0.554045
H               -1.927692            0.531658           -1.925941
C                5.304614            1.366165            0.663009
H                4.889548            1.423729            1.682867
H                6.077275            2.147307            0.571769
H                5.809651            0.392440            0.553560
C                4.825265            1.518672           -1.799823
H                5.372973            0.581010           -1.984670
H                5.547397            2.341438           -1.928882
H                4.055203            1.629496           -2.581652
C                3.588561            2.968213           -0.189986
H                2.812831            3.172715           -0.945792
H                4.360116            3.749660           -0.274872
H                3.120394            3.053798            0.803280
C                4.219225            1.597704           -0.394965
C                3.150671            0.520543           -0.227549
C                3.586882           -0.868391           -0.435967
H                4.604653           -1.020171           -0.813373
C                3.019973           -2.158132            0.006777
C                1.563574           -2.439746            0.190753
C                1.214285           -3.627796            0.848528
H                2.021011           -4.270698            1.212128
O                1.997423            0.803659            0.078004
O                3.835216           -3.033421            0.248567
Cu              -4.556189           -0.195078           -0.725841