50
 
C                5.819747            1.123655           -1.503545
H                5.881388            0.318838           -2.253991
H                6.781544            1.661223           -1.514828
H                5.047960            1.842234           -1.824305
C                5.456600            1.710573            0.919512
H                4.658315            2.429044            0.667283
H                6.401287            2.277758            0.940122
H                5.274194            1.333308            1.939043
C                6.750225           -0.338700            0.298070
H                6.608677           -0.774389            1.299248
H                7.680952            0.248794            0.310953
H                6.878897           -1.167445           -0.414520
C                5.587779            0.563720           -0.092219
C                4.298575           -0.232066           -0.096230
C                3.057836            0.506468           -0.371776
C                1.675903            0.062444           -0.155476
C                0.625190            1.082184           -0.072043
C                0.894945            2.464424           -0.027236
H                1.919551            2.843674           -0.065858
C               -0.143729            3.377685            0.095614
H                0.072803            4.447530            0.137503
C               -0.710308            0.642112            0.008971
H               -0.899966           -0.433706           -0.020746
O                4.313175           -1.448861            0.128455
O                1.374889           -1.142474           -0.047448
H                3.189849            1.514830           -0.769578
C               -6.054272            0.304833           -1.471072
H               -6.178658            1.311452           -1.042359
H               -6.879170            0.130467           -2.181538
H               -5.119785            0.296050           -2.058024
C               -5.859676           -2.153749           -1.015860
H               -4.906166           -2.221819           -1.567332
H               -6.667553           -2.364899           -1.736089
H               -5.875731           -2.948197           -0.251248
C               -7.425075           -0.750009            0.332872
H               -7.472267           -1.521580            1.115822
H               -8.242369           -0.928765           -0.384440
H               -7.597355            0.223273            0.818844
C               -6.084575           -0.772252           -0.387489
C               -4.969663           -0.565002            0.627433
C               -3.548232           -0.310369            0.122676
H               -3.375316           -0.644645           -0.917122
C               -3.200974            1.154082            0.211718
C               -1.751074            1.552984            0.123355
C               -1.457372            2.926445            0.165782
H               -2.296439            3.622617            0.258297
O               -5.136847           -0.627991            1.818797
O               -4.042772            2.011037            0.335291
H               -2.871859           -0.891677            0.771896
Cu               2.694778           -2.587394            0.158065