50
 
C               -3.855884            2.925109            1.684173
H               -4.913030            2.644244            1.544191
H               -3.835402            3.991651            1.958969
H               -3.460180            2.347605            2.534710
C               -1.575145            3.152718            0.704741
H               -1.143067            2.639658            1.578228
H               -1.571497            4.229000            0.934914
H               -0.915359            2.996649           -0.164124
C               -3.560897            3.543621           -0.737175
H               -3.015940            3.357526           -1.676879
H               -3.458964            4.612256           -0.494126
H               -4.642027            3.397853           -0.926602
C               -3.004270            2.705525            0.423234
C               -3.084545            1.233675            0.064360
C               -2.074578            0.340934            0.212827
H               -1.158958            0.778657            0.605776
C               -2.027841           -1.097726           -0.021206
C               -0.742906           -1.795893            0.156127
C               -0.766301           -3.196534            0.275185
H               -1.727012           -3.713434            0.221766
C                0.409188           -3.904772            0.481957
H                0.379650           -4.991208            0.594906
C                0.492581           -1.129400            0.204536
H                0.543294           -0.042407            0.095383
O               -4.316947            0.860864           -0.396223
O               -3.023189           -1.787999           -0.334759
H               -4.856388            1.655593           -0.550029
C                6.037309           -0.374426           -1.023573
H                6.332894           -0.959180           -0.138207
H                6.900631           -0.314961           -1.706626
H                5.239763           -0.932072           -1.545113
C                5.114732            1.781861           -1.896158
H                4.307988            1.241469           -2.420858
H                5.954214            1.880413           -2.604003
H                4.759910            2.797937           -1.654082
C                6.716382            1.801300            0.033108
H                6.399067            2.815967            0.319179
H                7.577618            1.885565           -0.649325
H                7.050315            1.289164            0.949077
C                5.589641            1.037252           -0.642457
C                4.406827            0.945014            0.297001
C                3.212113            0.130276           -0.102600
H                2.462463            0.584871           -0.762373
C                3.013437           -1.168517            0.501418
C                1.676093           -1.838457            0.393063
C                1.623128           -3.228515            0.556207
H                2.560824           -3.759765            0.743386
O                4.317657            1.515371            1.358427
O                3.934924           -1.737775            1.075091
Cu              -4.781544           -1.117758           -0.682656