50
 
C               -2.460824            3.384054            0.925862
H               -3.364257            3.598890            1.519614
H               -2.058427            4.347164            0.573582
H               -1.700076            2.940231            1.587657
C               -1.503413            2.231899           -1.099792
H               -0.663098            1.878132           -0.481375
H               -1.171775            3.170793           -1.570973
H               -1.677257            1.504893           -1.911728
C               -3.803760            3.223060           -1.180118
H               -4.050782            2.628096           -2.073112
H               -3.390538            4.186237           -1.516199
H               -4.740540            3.423590           -0.638512
C               -2.783048            2.514840           -0.298668
C               -3.349850            1.204062            0.186192
C               -2.489792            0.296976            1.060057
H               -3.050090            0.183757            2.007562
C               -2.312440           -1.106414            0.509215
C               -0.988422           -1.597808            0.128704
C               -0.880380           -2.899064           -0.404956
H               -1.777615           -3.517208           -0.485152
C                0.349920           -3.374504           -0.826698
H                0.433436           -4.381157           -1.242897
C                0.163318           -0.811068            0.236855
H                0.159168            0.196799            0.657910
O               -4.499397            0.869749           -0.087538
O               -3.307291           -1.832115            0.374813
H               -1.536474            0.774448            1.302709
C                5.407394            0.698568            1.767466
H                4.831823            1.638294            1.761417
H                6.190819            0.778242            2.539117
H                4.726207           -0.116670            2.069343
C                6.803956           -0.906681            0.447645
H                6.157363           -1.741076            0.768994
H                7.630560           -0.839942            1.173871
H                7.241616           -1.158387           -0.532939
C                6.993072            1.557952            0.019412
H                7.450781            1.378971           -0.965941
H                7.799308            1.650761            0.764950
H                6.459258            2.519452           -0.035373
C                6.053377            0.428081            0.406060
C                4.944588            0.320357           -0.617558
C                3.883744           -0.723690           -0.432836
H                4.123163           -1.766440           -0.672408
C                2.543250           -0.301945           -0.108726
C                1.400928           -1.274447           -0.204529
C                1.485264           -2.564587           -0.735813
H                2.441087           -2.953029           -1.098710
O                4.837780            1.008251           -1.604249
O                2.316389            0.849445            0.255133
Cu              -5.102924           -1.009839            0.218161