50
 
C                5.370743           -1.604407            1.788571
H                5.307717           -0.842947            2.583175
H                6.243334           -2.240831            2.007773
H                4.476453           -2.244613            1.850848
C                5.602368           -2.042859           -0.679109
H                4.716536           -2.697965           -0.674431
H                6.481479           -2.685590           -0.510702
H                5.702065           -1.602516           -1.684878
C                6.866702           -0.176175            0.391497
H                7.037203            0.309990           -0.581436
H                7.707562           -0.860564            0.582865
H                6.880651            0.606583            1.164871
C                5.561193           -0.961322            0.407573
C                4.391282           -0.027016            0.147509
C                3.065905           -0.620255            0.069243
H                3.014259           -1.686234            0.296987
C                1.861041           -0.073137           -0.248553
C                0.617765           -0.848457           -0.348044
C                0.624682           -2.197721           -0.740832
H                1.564122           -2.687618           -1.011957
C               -0.568805           -2.899961           -0.827389
H               -0.560247           -3.945358           -1.144857
C               -0.603941           -0.233734           -0.056214
H               -0.684913            0.803731            0.293908
O                4.618802            1.190904            0.025089
O                1.706619            1.261796           -0.494795
H                0.797942            1.431306           -0.801110
C               -5.980131            1.326137           -1.123339
H               -5.520831            2.203182           -0.639416
H               -6.760266            1.683039           -1.815852
H               -5.204576            0.823991           -1.728225
C               -7.189199           -0.842623           -0.809447
H               -6.441859           -1.356751           -1.438072
H               -8.007134           -0.521818           -1.475216
H               -7.607437           -1.570880           -0.094438
C               -7.675079            1.090695            0.714779
H               -8.121117            0.420342            1.465824
H               -8.477095            1.448027            0.048767
H               -7.259028            1.956871            1.252392
C               -6.603619            0.379524           -0.094754
C               -5.505842           -0.098296            0.829988
C               -4.328530           -0.826665            0.250047
H               -4.437148           -1.895351            0.031450
C               -3.051287           -0.161192            0.205130
C               -1.808126           -0.934336           -0.140720
C               -1.780142           -2.276510           -0.525593
H               -2.705218           -2.853561           -0.603492
O               -5.496146            0.036816            2.029392
O               -2.957733            1.040588            0.441959
Cu               3.299426            2.549468           -0.298276