50
 
C               -6.283400            0.251118            1.586457
H               -6.491215           -0.827574            1.529843
H               -7.234178            0.773690            1.778205
H               -5.620363            0.437157            2.447738
C               -5.473331            2.284515            0.388915
H               -4.839179            2.566449            1.245069
H               -6.454666            2.760453            0.543998
H               -5.048322            2.716244           -0.531873
C               -6.591973            0.465073           -0.900068
H               -6.153015            0.804708           -1.852956
H               -7.548921            0.994231           -0.765883
H               -6.802972           -0.611845           -0.976224
C               -5.673226            0.779665            0.284793
C               -4.361349            0.012974            0.055387
C               -3.127511            0.674288           -0.017184
H               -3.136463            1.754977            0.100603
C               -1.867313            0.059597           -0.181699
C               -0.639778            0.888364           -0.257866
C               -0.671582            2.258719           -0.567201
H               -1.616309            2.759534           -0.792166
C                0.507152            2.990071           -0.620800
H                0.475824            4.053518           -0.869009
C                1.728578            2.370890           -0.360057
H                0.648365           -0.794086            0.213073
O               -4.518989           -1.251581           -0.043476
O               -1.671523           -1.200980           -0.268765
C                5.664671           -1.133094           -1.370551
H                4.947720           -1.897021           -1.032223
H                6.389226           -1.620105           -2.044215
H                5.121472           -0.387546           -1.975100
C                7.373839            0.579374           -0.692936
H                6.856359            1.377085           -1.251886
H                8.113546            0.128506           -1.375492
H                7.924477            1.039759            0.143488
C                7.200810           -1.587746            0.548985
H                7.762764           -1.161250            1.393039
H                7.913897           -2.074184           -0.135728
H                6.526852           -2.360374            0.951838
C                6.420089           -0.515764           -0.197904
C                5.472202            0.182501            0.782212
C                4.340860            1.048040            0.235672
H                4.546610            1.435222           -0.777818
C                3.047648            0.263282            0.226436
C                1.777223            1.005728           -0.060044
C                0.591679            0.271695           -0.021861
H                2.644818            2.966795           -0.397698
O                5.611814            0.114067            1.974938
O                3.029026           -0.925959            0.443569
H                4.235958            1.916458            0.908464
Cu              -3.081953           -2.397618           -0.223839