50
 
C               -4.079630            3.068095            1.366644
H               -5.086271            2.669882            1.577777
H               -4.150876            4.166818            1.400433
H               -3.409486            2.746034            2.179505
C               -2.162577            3.263420           -0.214351
H               -1.460306            3.012092            0.595832
H               -2.265321            4.359191           -0.217863
H               -1.714463            2.968666           -1.176764
C               -4.472700            3.117101           -1.118808
H               -4.145037            2.765857           -2.110681
H               -4.478793            4.217626           -1.135939
H               -5.532307            2.827713           -0.979621
C               -3.534016            2.633671           -0.003362
C               -3.477594            1.117745           -0.018283
C               -2.338135            0.383741            0.012515
H               -1.435694            0.989826            0.013243
C               -2.123767           -1.056977            0.035846
C               -0.738565           -1.564980           -0.005187
C               -0.544247           -2.959616            0.023151
H               -1.416467           -3.613834            0.083816
C                0.734651           -3.489744           -0.028914
H                0.878622           -4.572612           -0.008800
C                1.841160           -2.643436           -0.112260
H                0.319268            0.359781           -0.109701
O               -4.716300            0.536359           -0.026566
O               -3.046279           -1.901238            0.088002
H               -5.392145            1.221667           -0.166174
C                5.427722            1.338320            1.529504
H                4.842398            2.208392            1.190681
H                6.123598            1.674211            2.316089
H                4.729966            0.616872            1.989984
C                6.969266           -0.524671            0.882973
H                6.295611           -1.255978            1.361512
H                7.709593           -0.221252            1.641430
H                7.514535           -1.030227            0.068303
C                7.188472            1.717248           -0.219906
H                7.752117            1.280054           -1.058715
H                7.907776            2.050614            0.545722
H                6.657780            2.601502           -0.605811
C                6.218815            0.711881            0.378506
C                5.232196            0.269048           -0.681520
C                4.163508           -0.715386           -0.310148
H                4.432228           -1.775879           -0.243288
C                2.794977           -0.261052           -0.235715
C                1.673594           -1.256064           -0.137048
C                0.382398           -0.730903           -0.081951
H                2.840547           -3.084203           -0.160847
O                5.240344            0.635928           -1.831779
O                2.536534            0.939486           -0.244341
Cu              -4.916015           -1.495577            0.095077