50
 
C                3.344413           -2.565505           -1.034707
H                2.284319           -2.534071           -0.725710
H                3.638177           -3.627291           -1.059438
H                3.428733           -2.180050           -2.063799
C                5.706595           -1.920355           -0.522861
H                5.846147           -1.458906           -1.513728
H                5.997776           -2.979888           -0.601534
H                6.384512           -1.424807            0.187478
C                4.090449           -2.412095            1.346358
H                4.762584           -1.921350            2.066170
H                4.327655           -3.488151            1.326121
H                3.052903           -2.303273            1.707010
C                4.253752           -1.836206           -0.060966
C                3.890256           -0.323850            0.063369
C                2.696894            0.214681           -0.523117
H                2.391512           -0.216880           -1.488858
C                2.630120            1.692915           -0.356163
C                1.281389            2.329890           -0.526020
C                0.985760            3.539023            0.111139
H                1.804781            4.192848            0.424583
C               -0.339263            3.848497            0.425371
H               -0.570866            4.798920            0.912373
C                0.225609            1.494721           -0.894039
H                0.396532            0.624983           -1.536980
O                4.649811            0.369983            0.733985
O                3.540609            2.313083            0.160493
C               -5.933549           -1.280378            1.396237
H               -5.512978           -2.257653            1.675433
H               -7.031746           -1.365188            1.397655
H               -5.651151           -0.544455            2.167279
C               -6.114874            0.490666           -0.357550
H               -5.881093            1.280517            0.375181
H               -7.209029            0.368067           -0.363538
H               -5.821841            0.839273           -1.361542
C               -5.853329           -1.899852           -1.036027
H               -5.511179           -1.617997           -2.045612
H               -6.950599           -1.991401           -1.065760
H               -5.433032           -2.885311           -0.786774
C               -5.465267           -0.838885            0.002853
C               -3.962362           -0.753002            0.032233
C               -3.229027            0.401390           -0.236477
H               -3.749738            1.318813           -0.509940
C               -1.824127            0.421025           -0.177499
C               -1.047417            1.674015           -0.357188
C               -1.344025            2.891091            0.267782
H               -2.334228            3.060448            0.702159
O               -3.369574           -1.872997            0.336250
O               -1.127896           -0.621643            0.097258
H               -2.388534           -1.729670            0.325675
Cu               0.904648           -0.499022            0.201925