50
 
C                5.880605            1.501849           -0.305239
H                6.541459            0.823382           -0.868829
H                6.523980            2.206783            0.244844
H                5.293058            2.095698           -1.023470
C                4.074584            1.703329            1.441232
H                3.457810            2.310201            0.759193
H                4.680550            2.403073            2.038807
H                3.405486            1.171338            2.138844
C                5.909754            0.019001            1.709196
H                5.320118           -0.534833            2.455726
H                6.528854            0.756344            2.242702
H                6.582730           -0.696516            1.212591
C                5.016483            0.737929            0.707096
C                4.156734           -0.261065           -0.026691
C                3.174997            0.236711           -1.080607
H                3.427482           -0.312222           -2.007802
C                1.721565           -0.093725           -0.785420
C                0.714071            0.960236           -0.683992
C                0.989575            2.323201           -0.901483
H                1.988138            2.662608           -1.187784
C               -0.016959            3.270284           -0.764691
H                0.202761            4.326833           -0.934609
C               -0.598680            0.573206           -0.348841
H               -0.793616           -0.489010           -0.180875
O                4.240035           -1.462994            0.209091
O                1.393667           -1.280491           -0.643471
H                3.326368            1.300410           -1.283950
C               -6.229630            0.480426           -0.892180
H               -6.340751            1.399802           -0.295673
H               -7.143741            0.343390           -1.492980
H               -5.392021            0.631065           -1.595834
C               -5.784360           -1.982388           -0.880291
H               -4.936067           -1.849213           -1.573849
H               -6.680929           -2.168287           -1.494315
H               -5.602967           -2.883184           -0.270230
C               -7.200456           -0.962313            0.921377
H               -7.046811           -1.836062            1.573236
H               -8.115647           -1.126224            0.329754
H               -7.361644           -0.088782            1.572391
C               -6.014281           -0.745353           -0.003640
C               -4.761898           -0.545167            0.820262
C               -3.476818           -0.181998            0.134095
C               -3.012031            1.181402            0.206605
C               -1.605896            1.518192           -0.205816
C               -1.300654            2.872965           -0.406162
H               -2.104379            3.602213           -0.268065
O               -4.684531           -0.689063            2.016750
O               -3.757313            2.080454            0.581046
H               -2.863651           -0.987713           -0.287097
Cu               2.749942           -2.685679           -0.311687