50
 
C               -5.792284           -1.799888           -1.055093
H               -5.845554           -1.254994           -2.011657
H               -6.715083           -2.394967           -0.960103
H               -4.954340           -2.513895           -1.106045
C               -5.587374           -1.627475            1.449594
H               -4.737875           -2.329824            1.463567
H               -6.501152           -2.227411            1.588472
H               -5.496915           -0.957001            2.319822
C               -6.948289            0.039986            0.179221
H               -6.913340            0.757199            1.013871
H               -7.838465           -0.593518            0.313183
H               -7.072881            0.612931           -0.752097
C               -5.705035           -0.838204            0.139611
C               -4.470694            0.026366           -0.044388
C               -3.170231           -0.645562           -0.016510
H               -3.205137           -1.735463           -0.051654
C               -1.850838           -0.026329            0.066192
C               -0.657836           -0.885650           -0.009050
C               -0.705160           -2.294603           -0.066192
H               -1.652552           -2.837652           -0.046738
C                0.467466           -3.030923           -0.140640
H                0.423410           -4.121629           -0.179627
C                0.592870           -0.250129           -0.028901
H                0.662524            0.839739            0.018726
O               -4.592196            1.249352           -0.210496
O               -1.698244            1.207624            0.174652
C                5.796078            0.908062            1.632437
H                5.139072            1.762664            1.406233
H                6.549209            1.238544            2.366820
H                5.188657            0.130005            2.125735
C                7.357170           -0.828774            0.714817
H                6.768039           -1.650468            1.156361
H                8.126951           -0.547976            1.452781
H                7.874754           -1.215283           -0.178748
C                7.388213            1.494556           -0.203333
H                7.905459            1.151571           -1.111929
H                8.145945            1.799616            0.536426
H                6.794320            2.380785           -0.477329
C                6.504012            0.400130            0.376617
C                5.493497           -0.033645           -0.675735
C                4.354991           -0.969328           -0.266617
H                4.539620           -1.513441            0.678125
C                3.062113           -0.206354           -0.132434
C                1.771789           -0.983121           -0.114518
C                1.701456           -2.381544           -0.170548
H                2.615311           -2.978889           -0.236786
O                5.555795            0.298453           -1.831981
O                3.031184            0.997110           -0.028199
H                4.257845           -1.725216           -1.064660
Cu              -3.104883            2.534443           -0.100060