50
 
C                4.337180           -2.674175            0.671271
H                4.568151           -2.314468            1.688039
H                4.685890           -3.717788            0.601864
H                3.241372           -2.688406            0.548432
C                4.663197           -2.323383           -1.793004
H                3.574612           -2.320949           -1.967365
H                5.014708           -3.360268           -1.923103
H                5.137218           -1.709943           -2.576875
C                6.549894           -1.921059           -0.206295
H                7.085414           -1.314686           -0.952484
H                6.875263           -2.968284           -0.312033
H                6.855575           -1.561719            0.788387
C                5.041915           -1.828344           -0.393478
C                4.597169           -0.381086           -0.251515
C                3.178458           -0.056829           -0.372354
H                2.457196           -0.842049           -0.605063
C                2.767452            1.243959           -0.262790
C                1.353764            1.666400           -0.387694
C                1.059628            2.994557           -0.725506
H                1.885730            3.696964           -0.857138
C               -0.256811            3.400048           -0.920218
H               -0.464320            4.434054           -1.207862
C                0.288244            0.771195           -0.181222
H                0.499151           -0.309355           -0.092078
O                5.416147            0.517439           -0.040858
O                3.591873            2.244604           -0.053500
H                4.515302            1.840857           -0.006328
C               -6.746453           -1.069981            0.472485
H               -6.519981           -1.815069            1.250103
H               -7.710119           -1.335954            0.010346
H               -6.866211           -0.088316            0.958282
C               -6.017518           -0.016711           -1.677738
H               -6.063676            1.009266           -1.278558
H               -7.018165           -0.260551           -2.071415
H               -5.321112           -0.041667           -2.530303
C               -5.459809           -2.422374           -1.216331
H               -4.661829           -2.418669           -1.976299
H               -6.395553           -2.733788           -1.710020
H               -5.213769           -3.169990           -0.446984
C               -5.670221           -1.036356           -0.607035
C               -4.299118           -0.677183            0.067232
C               -3.343490            0.148439           -0.550401
H               -3.524260            0.617138           -1.516458
C               -2.129588            0.280064            0.135679
C               -1.054913            1.205146           -0.329021
C               -1.318842            2.514961           -0.724326
H               -2.353098            2.855917           -0.826624
O               -4.090922           -1.231861            1.157068
O               -1.887420           -0.337811            1.215307
Cu              -0.129715            0.416380            1.872447