50
 
C                2.355801           -3.124574            1.542692
H                3.151046           -2.937185            2.282320
H                2.124311           -4.201544            1.570965
H                1.445954           -2.592912            1.865844
C                1.663230           -2.980376           -0.875518
H                0.746312           -2.422153           -0.620295
H                1.395363           -4.049345           -0.879887
H                1.960214           -2.709034           -1.901858
C                4.006964           -3.611986           -0.270034
H                4.374898           -3.359777           -1.276707
H                3.715412           -4.673420           -0.270211
H                4.842737           -3.486872            0.434781
C                2.808664           -2.758149            0.121120
C                3.196798           -1.293160            0.108762
C                2.125733           -0.318380            0.360663
H                1.213392           -0.727543            0.799506
C                2.132634            1.122725            0.083539
C                0.854134            1.841492            0.101903
C                0.890948            3.248446            0.048045
H                1.861769            3.747725            0.008486
C               -0.285157            3.980837            0.056470
H               -0.251235            5.072441            0.027651
C               -0.393400            1.188957            0.144687
H               -0.450183            0.097429            0.162117
O                4.367780           -0.957693           -0.106764
O                3.186026            1.749268           -0.142186
C               -5.549669           -0.090347           -1.565488
H               -5.843648            0.905419           -1.199079
H               -6.310090           -0.427555           -2.289065
H               -4.603412            0.015792           -2.123379
C               -4.997234           -2.461885           -0.966020
H               -4.023204           -2.409012           -1.482576
H               -5.733544           -2.831606           -1.698872
H               -4.922946           -3.209406           -0.158656
C               -6.810979           -1.251964            0.253029
H               -6.769156           -1.980332            1.076536
H               -7.562406           -1.592242           -0.477655
H               -7.149844           -0.293658            0.677204
C               -5.456093           -1.101453           -0.423968
C               -4.425141           -0.679044            0.612600
C               -3.045275           -0.214777            0.140164
H               -2.784668           -0.554763           -0.879453
C               -2.943466            1.291108            0.176440
C               -1.576651            1.920920            0.139838
C               -1.512142            3.321212            0.104439
H               -2.457224            3.872548            0.116577
O               -4.618043           -0.731470            1.800518
O               -3.921679            1.997614            0.214594
H               -2.313624           -0.656319            0.837653
Cu               4.965273            0.922895           -0.279015