50
 
C               -2.441638            3.237490           -0.487019
H               -1.720050            3.126021            0.338428
H               -2.636653            4.315711           -0.601246
H               -1.972120            2.894649           -1.423109
C               -4.715809            2.736755           -1.385210
H               -4.304730            2.310315           -2.315341
H               -4.861423            3.816498           -1.549219
H               -5.699944            2.283240           -1.195273
C               -4.376317            3.090894            1.081553
H               -5.359069            2.642968            1.290383
H               -4.510397            4.179212            0.975337
H               -3.720019            2.918831            1.950827
C               -3.760502            2.533213           -0.205154
C               -3.602114            1.015766           -0.013248
C               -2.357275            0.386842           -0.140664
H               -1.507432            1.020081           -0.380853
C               -2.110609           -0.997223           -0.017297
C               -0.733422           -1.527072           -0.168988
C               -0.556169           -2.912248           -0.335465
H               -1.432171           -3.564186           -0.353215
C                0.716013           -3.444561           -0.489150
H                0.843728           -4.520756           -0.627380
C                0.389770           -0.697746           -0.140343
H                0.323306            0.382940            0.010733
O               -4.700727            0.417426            0.252516
O               -3.004098           -1.883028            0.218286
C                5.234610            0.892025            1.822753
H                4.433566            1.640742            1.722993
H                5.894323            1.206506            2.648494
H                4.780185           -0.065934            2.126425
C                7.135653           -0.302721            0.695214
H                6.714510           -1.290734            0.945939
H                7.817668           -0.020605            1.514661
H                7.737366           -0.402285           -0.222941
C                6.713942            2.118531            0.222330
H                7.323788            2.058231           -0.691327
H                7.364578            2.426311            1.056493
H                5.956445            2.902955            0.067185
C                6.061493            0.781990            0.544920
C                5.196674            0.350154           -0.642159
C                4.209369           -0.799758           -0.461581
H                4.476449           -1.471077            0.373588
C                2.813559           -0.259394           -0.247104
C                1.671514           -1.228969           -0.291584
C                1.829717           -2.607249           -0.470830
H                2.825591           -3.041613           -0.595579
O                5.291621            0.852314           -1.731006
O                2.612919            0.915746           -0.043911
H                4.229514           -1.399413           -1.387802
Cu              -4.776050           -1.412710            0.466513