50
 
C               -6.078707           -0.798281            0.859566
H               -5.855812           -1.813647            1.218988
H               -7.158316           -0.736950            0.650119
H               -5.850741           -0.082846            1.667020
C               -5.684655            0.926041           -0.905324
H               -5.492732            1.700608           -0.144684
H               -6.763903            0.946148           -1.122118
H               -5.161786            1.203387           -1.835434
C               -5.622519           -1.497686           -1.508941
H               -5.060810           -1.294186           -2.435667
H               -6.696436           -1.445158           -1.747965
H               -5.393935           -2.521737           -1.178948
C               -5.299226           -0.465255           -0.420264
C               -3.831689           -0.576846           -0.101680
C               -2.915328            0.466993           -0.222984
H               -3.255760            1.431703           -0.597011
C               -1.554573            0.315363            0.100475
C               -0.625340            1.468957            0.026186
C               -0.986025            2.733868            0.506951
H               -2.006558            2.910961            0.859424
C               -0.035845            3.749846            0.588280
H               -0.323376            4.731518            0.972283
C                0.689687            1.257982           -0.407188
H                0.943655            0.313721           -0.904602
O               -3.465368           -1.757856            0.309332
O               -1.076807           -0.807977            0.496138
H               -2.492024           -1.749413            0.487797
C                3.421997           -2.058928           -1.881848
H                2.332502           -1.973479           -2.043612
H                3.726312           -3.065229           -2.212711
H                3.925556           -1.334095           -2.541232
C                5.308566           -1.941098           -0.216874
H                5.841703           -1.193804           -0.825566
H                5.667081           -2.935515           -0.528406
H                5.591293           -1.794713            0.837892
C                3.117557           -2.959632            0.429874
H                3.352985           -2.861432            1.500672
H                3.455727           -3.951926            0.093418
H                2.015022           -2.943415            0.314035
C                3.785790           -1.875634           -0.404421
C                3.315578           -0.509823            0.055329
C                3.668014            0.655048           -0.727409
H                4.518513            0.606370           -1.417198
C                3.096137            2.019126           -0.589843
C                1.660535            2.249726           -0.265626
C                1.284180            3.506722            0.222493
H                2.050889            4.280773            0.317519
O                2.603065           -0.374374            1.071843
O                3.881079            2.937511           -0.716770
Cu               0.767944           -0.910518            1.052108