50
 
C                2.354885           -3.124415            1.543198
H                3.150317           -2.937232            2.282676
H                2.123135           -4.201325            1.571524
H                1.445221           -2.592542            1.866505
C                1.661734           -2.979707           -0.874828
H                0.745329           -2.420635           -0.619579
H                1.392963           -4.048451           -0.878884
H                1.958757           -2.708846           -1.901282
C                4.005302           -3.612616           -0.269975
H                4.373162           -3.360547           -1.276707
H                3.713166           -4.673889           -0.270165
H                4.841293           -3.488001            0.434673
C                2.807562           -2.758159            0.121530
C                3.196392           -1.293376            0.108921
C                2.125967           -0.318091            0.361641
C                2.133019            1.122997            0.084268
C                0.854589            1.841852            0.102472
C                0.891449            3.248799            0.048742
H                1.862285            3.748073            0.009468
C               -0.284667            3.981185            0.056955
H               -0.250739            5.072793            0.028278
C               -0.392950            1.189308            0.144895
H               -0.449673            0.097778            0.162250
O                4.367354           -0.958429           -0.107530
O                3.186497            1.749405           -0.141426
H                1.213822           -0.726857            0.801301
C               -5.549921           -0.090470           -1.565408
H               -5.844085            0.905205           -1.198904
H               -6.310433           -0.427897           -2.288787
H               -4.603837            0.015963           -2.123535
C               -4.996596           -2.461840           -0.966116
H               -4.022766           -2.408652           -1.483016
H               -5.733032           -2.831814           -1.698714
H               -4.921788           -3.209346           -0.158784
C               -6.810391           -1.252513            0.253436
H               -6.768128           -1.980886            1.076920
H               -7.561905           -1.593020           -0.477051
H               -7.149452           -0.294329            0.677725
C               -5.455735           -1.101567           -0.423925
C               -4.424663           -0.678672            0.612316
C               -3.044934           -0.214409            0.139442
H               -2.784790           -0.554207           -0.880357
C               -2.943047            1.291473            0.175887
C               -1.576207            1.921261            0.139768
C               -1.511662            3.321559            0.104517
H               -2.456744            3.872899            0.116436
O               -4.617355           -0.730591            1.800290
O               -3.921248            1.998010            0.213725
H               -2.313048           -0.656172            0.836536
Cu               4.965111            0.922041           -0.279842