50
 
C                3.806113           -1.973195            1.431207
H                3.203917           -1.343820            2.108501
H                4.242486           -2.782750            2.038007
H                3.130685           -2.444173            0.698814
C                5.719766           -2.064253           -0.206014
H                5.079591           -2.531292           -0.971346
H                6.195599           -2.881912            0.358320
H                6.521596           -1.504039           -0.713831
C                5.890560           -0.646200            1.847524
H                6.706080           -0.051193            1.408820
H                6.339069           -1.490808            2.392607
H                5.364298           -0.010938            2.576319
C                4.945777           -1.177330            0.777916
C                4.315779           -0.028763            0.029720
C                3.325692           -0.326856           -1.089410
H                3.308974           -1.395343           -1.322612
C                1.935306            0.233150           -0.840181
C                0.763307           -0.644001           -0.803257
C                0.804291           -2.014078           -1.128183
H                1.730728           -2.497314           -1.449078
C               -0.352523           -2.776629           -1.065217
H               -0.320386           -3.838017           -1.321564
C               -0.459644           -0.069597           -0.424402
H               -0.520020            0.991090           -0.166612
O                4.584451            1.135345            0.311028
O                1.801828            1.450942           -0.670360
H                3.712156            0.200236           -1.982160
C               -5.902894            1.421075           -0.884120
H               -5.417975            2.247766           -0.340450
H               -6.732143            1.837924           -1.479273
H               -5.166502            0.999930           -1.591047
C               -7.065715           -0.790052           -0.725068
H               -6.358533           -1.221303           -1.454256
H               -7.930605           -0.414106           -1.295932
H               -7.426741           -1.597170           -0.065667
C               -7.466916            0.960774            1.026073
H               -7.854090            0.206306            1.728401
H               -8.315552            1.373090            0.456562
H               -7.024534            1.771879            1.625135
C               -6.444966            0.359263            0.075774
C               -5.282541           -0.195255            0.869785
C               -4.130415           -0.819987            0.138910
H               -4.243307           -1.846026           -0.230352
C               -2.867786           -0.123104            0.110583
C               -1.621819           -0.832376           -0.348219
C               -1.556646           -2.192367           -0.672117
H               -2.450231           -2.819801           -0.614412
O               -5.202359           -0.200666            2.074489
O               -2.794466            1.053930            0.448634
Cu               3.344188            2.611174           -0.221760