50
 
C                6.430386           -2.344112            0.932122
H                7.329591           -1.717486            1.025865
H                6.750338           -3.393112            0.822481
H                5.852411           -2.260651            1.867804
C                4.376615           -2.852668           -0.388272
H                3.750438           -2.820599            0.518972
H                4.718622           -3.892477           -0.513373
H                3.748137           -2.607283           -1.260664
C                6.426819           -2.046414           -1.556772
H                5.846924           -1.742734           -2.444478
H                6.744604           -3.092036           -1.699822
H                7.327287           -1.417068           -1.501980
C                5.586240           -1.934195           -0.279891
C                5.196172           -0.484784           -0.105186
C                3.896834           -0.018042           -0.040525
H                3.077891           -0.728901           -0.127096
C                3.646914            1.382679            0.127517
C                2.236262            1.894615            0.201673
C                2.058384            3.281018            0.282039
H                2.955400            3.906220            0.283352
C                0.785054            3.838837            0.362660
H                0.664866            4.923055            0.428477
C                1.113194            1.069328            0.206172
H                1.213171           -0.016876            0.146000
O                6.218986            0.324763           -0.014709
O                4.560117            2.218519            0.214725
H                5.859013            1.253569            0.095617
C               -5.570200            1.696139            0.063423
H               -5.601207            1.560704            1.157052
H               -6.594199            1.911871           -0.282665
H               -4.958065            2.584849           -0.149169
C               -4.953551            0.686510           -2.158911
H               -4.329657            1.558826           -2.404167
H               -5.962625            0.874837           -2.561142
H               -4.533849           -0.187404           -2.684218
C               -5.991921           -0.710408           -0.383631
H               -5.722552           -1.623568           -0.968198
H               -7.005251           -0.461641           -0.736768
H               -6.121432           -0.915796            0.704778
C               -5.032737            0.451451           -0.646672
C               -3.617685            0.143522           -0.137895
C               -2.611489            1.114781           -0.203127
H               -2.754121            2.099642           -0.646712
C               -1.349728            0.733499            0.277650
C               -0.170283            1.630781            0.270503
C               -0.336333            3.019138            0.361742
H               -1.334866            3.455174            0.450326
O               -3.333860           -1.001139            0.329420
O               -1.141015           -0.417099            0.758121
Cu              -4.623048           -2.398673            0.588675