50
 
C               -1.689407            2.813745            1.211980
H               -2.061227            2.421066            2.172489
H               -1.401699            3.865266            1.373325
H               -0.767902            2.266799            0.948299
C               -2.211056            3.287093           -1.207231
H               -1.289978            2.777903           -1.534875
H               -1.959647            4.352280           -1.079549
H               -2.955951            3.217152           -2.016479
C               -3.975316            3.579518            0.539330
H               -4.762770            3.566612           -0.229276
H               -3.666820            4.624444            0.696211
H               -4.415302            3.210133            1.478614
C               -2.767259            2.752752            0.121066
C               -3.178217            1.307990           -0.077553
C               -2.107254            0.347179           -0.381169
H               -1.171566            0.784021           -0.736664
C               -2.139811           -1.111594           -0.220331
C               -0.866515           -1.831632           -0.115463
C               -0.911815           -3.237237           -0.035494
H               -1.882871           -3.735182           -0.084356
C                0.256273           -3.969317            0.103427
H                0.216181           -5.059650            0.159440
C                0.380888           -1.181287           -0.045989
H                0.444921           -0.091359           -0.090640
O               -4.364634            0.973147            0.021231
O               -3.211671           -1.744861           -0.169820
C                5.667056           -0.046461           -1.409584
H                5.924606           -1.010524           -0.944351
H                6.484541            0.233184           -2.094426
H                4.767256           -0.196126           -2.030784
C                5.089034            2.365948           -1.044128
H                4.161063            2.275187           -1.634893
H                5.887089            2.675486           -1.739249
H                4.954361            3.174454           -0.306343
C                6.785020            1.250369            0.411384
H                6.682663            2.042086            1.168467
H                7.597409            1.528986           -0.279057
H                7.078314            0.327751            0.936655
C                5.489083            1.050844           -0.361620
C                4.372456            0.714372            0.616017
C                3.032265            0.216894            0.069122
H                2.857612            0.479751           -0.990787
C                2.917856           -1.282126            0.208903
C                1.554439           -1.912218            0.108376
C                1.482530           -3.310738            0.178241
H                2.420729           -3.861449            0.295850
O                4.467170            0.860950            1.807970
O                3.885002           -1.984144            0.380163
H                2.249659            0.710159            0.670514
Cu              -4.988935           -0.904957           -0.084145