50
 
C               -1.688256            2.814483            1.210763
H               -2.059180            2.422186            2.171774
H               -1.400507            3.866102            1.371392
H               -0.766923            2.267533            0.946507
C               -2.212110            3.286930           -1.208123
H               -1.291166            2.777845           -1.536310
H               -1.960870            4.352229           -1.081025
H               -2.957656            3.216526           -2.016733
C               -3.974897            3.579615            0.539927
H               -4.762952            3.566488           -0.228058
H               -3.666399            4.624604            0.696389
H               -4.414099            3.210327            1.479615
C               -2.767065            2.752928            0.120848
C               -3.177988            1.308060           -0.077149
C               -2.107155            0.347305           -0.381334
C               -2.139884           -1.111484           -0.220754
C               -0.866666           -1.831649           -0.115723
C               -0.912141           -3.237225           -0.035358
H               -1.883274           -3.735045           -0.084006
C                0.255865           -3.969413            0.103662
H                0.215648           -5.059723            0.160017
C                0.380832           -1.181444           -0.046528
H                0.444994           -0.091540           -0.091511
O               -4.364292            0.973096            0.022502
O               -3.211828           -1.744602           -0.170509
H               -1.171519            0.784171           -0.736928
C                5.668692           -0.046236           -1.408498
H                5.926419           -1.010025           -0.942793
H                6.486524            0.233699           -2.092805
H                4.769421           -0.196601           -2.030296
C                5.088730            2.365884           -1.044086
H                4.161319            2.274282           -1.635591
H                5.887099            2.675881           -1.738642
H                4.952860            3.174496           -0.306632
C                6.784557            1.251932            0.412834
H                6.681155            2.043780            1.169647
H                7.597186            1.530971           -0.277154
H                7.078183            0.329681            0.938552
C                5.489270            1.051277           -0.360962
C                4.372357            0.713798            0.615967
C                3.032493            0.216429            0.068114
H                2.858686            0.479084           -0.991982
C                2.917845           -1.282568            0.208003
C                1.554308           -1.912476            0.107889
C                1.482219           -3.310972            0.178127
H                2.420364           -3.861776            0.295722
O                4.466580            0.859190            1.808103
O                3.884947           -1.984742            0.378850
H                2.249505            0.709948            0.668794
Cu              -4.989108           -0.904817           -0.083629