50
 
C                2.849767           -2.612006           -0.985282
H                1.819132           -2.493485           -0.592538
H                3.034070           -3.695567           -1.049375
H                2.880200           -2.217916           -2.014486
C                5.292520           -2.216038           -0.663656
H                5.392311           -1.766720           -1.665420
H                5.467146           -3.299092           -0.759937
H                6.075893           -1.797824           -0.014929
C                3.798396           -2.602201            1.319989
H                4.561212           -2.198607            2.001191
H                3.944464           -3.691206            1.244995
H                2.804199           -2.424843            1.767191
C                3.893881           -1.977026           -0.077125
C                3.716437           -0.485752            0.074208
C                2.713005            0.257788           -0.564297
H                2.327440           -0.159393           -1.505681
C                2.654752            1.734208           -0.357886
C                1.325017            2.392816           -0.531266
C                1.051811            3.611481            0.100797
H                1.887064            4.246760            0.410004
C               -0.264491            3.949718            0.417184
H               -0.475503            4.905225            0.903750
C                0.248980            1.583987           -0.896638
H                0.393152            0.712574           -1.543939
O                4.556806            0.068931            0.891812
O                3.575208            2.332562            0.184488
H                4.460859            1.060801            0.825926
C               -5.796584           -1.782721            1.216498
H               -5.283441           -2.756349            1.216423
H               -6.881352           -1.964557            1.158801
H               -5.589942           -1.282881            2.176519
C               -6.111263            0.404762            0.044056
H               -5.880854            1.002763            0.940430
H               -7.193604            0.195175            0.058581
H               -5.911836            1.010018           -0.853953
C               -5.595095           -1.659079           -1.288825
H               -5.263010           -1.059969           -2.152093
H               -6.674389           -1.852597           -1.406384
H               -5.069906           -2.626170           -1.306204
C               -5.371433           -0.921781            0.031441
C               -3.824587           -0.689762            0.116855
C               -3.221707            0.535105           -0.209883
H               -3.806328            1.407428           -0.498345
C               -1.819554            0.546704           -0.192897
C               -1.022736            1.792622           -0.362298
C               -1.291853            3.013374            0.263843
H               -2.276919            3.204639            0.700802
O               -3.160473           -1.693998            0.425763
O               -1.145400           -0.502142            0.054813
Cu               0.872387           -0.460628            0.164647