50
 
C               -7.248408           -1.485973            1.255261
H               -6.886690           -2.525252            1.265413
H               -8.350135           -1.500394            1.289014
H               -6.887962           -0.986501            2.169815
C               -7.333784            0.671715           -0.000198
H               -7.026473            1.234316            0.896325
H               -8.435287            0.629649           -0.000219
H               -7.026446            1.234646           -0.896505
C               -7.248496           -1.485554           -1.256381
H               -6.888144           -0.985759           -2.170795
H               -8.350225           -1.499995           -1.290046
H               -6.886750           -2.524819           -1.266921
C               -6.786245           -0.747065           -0.000453
C               -5.241677           -0.761112           -0.000501
C               -4.454306            0.393911           -0.000486
H               -4.875014            1.396300           -0.000359
C               -3.070981            0.100801           -0.000678
C               -2.042145            1.189838           -0.000491
C               -2.358819            2.553000           -0.000603
H               -3.402863            2.875258           -0.000818
C               -1.348996            3.513183           -0.000455
H               -1.608469            4.574500           -0.000553
C               -0.702632            0.806945           -0.000221
H               -0.500638           -0.266850           -0.000127
O               -4.714864           -1.899102           -0.001059
O               -2.660329           -1.074501           -0.000189
C                3.320669           -2.462379            1.259061
H                3.698624           -1.983893            2.177766
H                3.605090           -3.526883            1.286634
H                2.222211           -2.415997            1.283065
C                3.321453           -2.462304           -1.258956
H                2.223010           -2.415981           -1.283629
H                3.605942           -3.526792           -1.286424
H                3.699945           -1.983739           -2.177399
C                5.409986           -2.017796            0.000707
H                5.898383           -1.642817           -0.932373
H                5.643399           -3.094166            0.000782
H                5.897831           -1.642779            0.934062
C                3.896094           -1.802231            0.000247
C                3.519112           -0.317342            0.000221
C                2.163097            0.042876            0.000003
H                1.412500           -0.745449           -0.000313
C                1.729096            1.372344            0.000180
C                0.321259            1.762068           -0.000080
C               -0.016172            3.127245           -0.000189
H                0.776235            3.878506           -0.000072
O                4.430147            0.584662            0.000606
O                2.579305            2.365165            0.000662
H                3.493561            1.990223            0.000865
Cu               6.307092            0.127305            0.000922