50
 
C               -6.203568           -2.132100           -1.311524
H               -7.107588           -1.556733           -1.061579
H               -6.497103           -3.178106           -1.498733
H               -5.784349           -1.723906           -2.246159
C               -3.961304           -2.913458           -0.538145
H               -3.496153           -2.575698           -1.478911
H               -4.270677           -3.961682           -0.682289
H               -3.201830           -2.900461            0.261134
C               -5.801496           -2.602828            1.121633
H               -5.089006           -2.538601            1.960899
H               -6.085968           -3.660547            0.996797
H               -6.701397           -2.030652            1.392792
C               -5.182170           -2.081891           -0.175162
C               -4.817987           -0.600256            0.049730
C               -3.522999           -0.086077           -0.082442
H               -2.670651           -0.689386           -0.386269
C               -3.476754            1.306425            0.163108
C               -2.198205            2.078842            0.061438
C               -2.271042            3.477941            0.015438
H               -3.258500            3.945563            0.055494
C               -1.114022            4.244442           -0.079348
H               -1.182465            5.334053           -0.121798
C               -0.951505            1.461669            0.031053
H               -0.902087            0.372347            0.086557
O               -5.772598            0.147382            0.365108
O               -4.504153            1.941624            0.459866
C                2.605237           -2.284623            1.541054
H                3.110956           -1.776853            2.378995
H                2.725334           -3.371647            1.678542
H                1.530847           -2.060717            1.613025
C                2.442592           -2.553342           -0.957546
H                1.364892           -2.335156           -0.936254
H                2.558610           -3.646369           -0.875593
H                2.829396           -2.242071           -1.942016
C                4.650941           -2.314117            0.141412
H                5.130762           -2.114976           -0.847714
H                4.716766           -3.408287            0.248705
H                5.247623           -1.928618            1.004296
C                3.190811           -1.862117            0.188311
C                3.046951           -0.343913            0.036485
C                1.766189            0.228383            0.051059
H                0.904842           -0.425387            0.174341
C                1.545811            1.605771           -0.072722
C                0.223893            2.225231           -0.052598
C                0.128192            3.626995           -0.115052
H                1.039769            4.223799           -0.184597
O                4.086380            0.394156           -0.098583
O                2.543533            2.437902           -0.211827
H                3.384933            1.919507           -0.207788
Cu               5.871737           -0.342200           -0.123982