50
 
C                7.790755           -1.019145           -1.256050
H                7.604591           -2.103712           -1.266679
H                8.879885           -0.852201           -1.289311
H                7.353230           -0.585634           -2.170661
C                7.517679            1.122962           -0.000539
H                7.120917            1.626868           -0.896919
H                8.610855            1.264399           -0.000796
H                7.121313            1.627061            0.895907
C                7.791368           -1.018879            1.255289
H                7.354283           -0.585181            2.170023
H                8.880512           -0.851917            1.287985
H                7.605221           -2.103445            1.266237
C                7.212478           -0.367020           -0.000307
C                5.692633           -0.637370            0.000080
C                4.723204            0.371102            0.000083
H                4.970513            1.429716           -0.000094
C                3.409812           -0.151738            0.000347
C                2.210242            0.747166            0.000251
C                2.296835            2.143250           -0.000011
H                3.272639            2.634717           -0.000156
C                1.142491            2.925214           -0.000079
H                1.223637            4.014654           -0.000255
C                0.951919            0.147634            0.000434
H                0.898689           -0.943368            0.000634
O                5.360487           -1.846009            0.000164
O                3.202942           -1.378710            0.000391
C               -6.087996            0.575522            1.256787
H               -6.333111           -0.510326            1.308760
H               -7.054171            1.103585            1.287016
H               -5.533325            0.818547            2.177381
C               -5.149082            2.494178           -0.000637
H               -4.615273            2.850752            0.894397
H               -6.141370            2.971316           -0.000609
H               -4.615595            2.850346           -0.896028
C               -6.087985            0.574752           -1.256773
H               -5.533430            0.816953           -2.177663
H               -7.054204            1.102723           -1.287543
H               -6.333320           -0.511147           -1.308162
C               -5.308005            0.976933           -0.000171
C               -3.967326            0.241357            0.000177
C               -2.743269            0.916680           -0.000049
H               -2.739096            2.003161           -0.000784
C               -1.508475            0.244324            0.000506
C               -0.216425            0.922915            0.000340
C               -0.107568            2.325350            0.000094
H               -0.996997            2.959455            0.000115
O               -3.999966           -1.045352            0.000697
O               -1.450920           -1.056768            0.001274
H               -2.374826           -1.412523            0.001336
Cu              -5.650056           -2.007283           -0.000447