50
 
C               -5.605887           -1.558744           -1.560569
H               -4.956124           -0.782238           -2.001119
H               -6.272252           -1.925968           -2.358674
H               -4.964387           -2.393225           -1.234427
C               -7.339233           -2.095662            0.174386
H               -6.745022           -2.942901            0.550633
H               -8.027933           -2.470818           -0.600037
H               -7.938029           -1.714783            1.016373
C               -7.283690            0.173782           -0.892198
H               -7.866303            0.626067           -0.072022
H               -7.998193           -0.171968           -1.657275
H               -6.664499            0.959527           -1.357871
C               -6.445198           -1.011279           -0.403492
C               -5.496947           -0.514021            0.667985
C               -4.512813            0.561877            0.318014
H               -4.867567            1.597918            0.272196
C               -3.111586            0.222605            0.233700
C               -2.076667            1.307781            0.144880
C               -2.359454            2.677970            0.127661
H               -3.392190            3.033316            0.177889
C               -1.328892            3.613807            0.048296
H               -1.562982            4.680877            0.034012
C               -0.747318            0.893855            0.087584
H               -0.578572           -0.186068            0.104575
O               -5.475284           -0.907646            1.809163
O               -2.756331           -0.952813            0.225400
C                3.254545           -2.384993            1.403748
H                3.682314           -1.855797            2.271355
H                3.517286           -3.451824            1.491110
H                2.159411           -2.310841            1.470942
C                3.144240           -2.552231           -1.106224
H                2.047044           -2.480381           -1.086694
H                3.403770           -3.622926           -1.073570
H                3.492176           -2.145722           -2.070341
C                5.295844           -2.077032            0.030646
H                5.750914           -1.776689           -0.945283
H                5.505473           -3.156453            0.093101
H                5.832135           -1.653668            0.915564
C                3.788487           -1.824471            0.079934
C                3.444927           -0.334158           -0.004612
C                2.098043            0.059708            0.031540
H                1.330454           -0.706694            0.121754
C                1.695171            1.396607           -0.032213
C                0.297167            1.821481            0.014819
C               -0.007813            3.194818           -0.008138
H                0.801282            3.925797           -0.066319
O                4.374044            0.542666           -0.105530
O                2.565382            2.366404           -0.134284
H                3.470469            1.970113           -0.152597
Cu               6.240044            0.039181           -0.149509