50
 
C                5.371256           -1.606380            1.786739
H                5.307918           -0.846139            2.582485
H                6.244123           -2.242747            2.004993
H                4.477275           -2.247103            1.848116
C                5.602561           -2.041162           -0.681615
H                4.716511           -2.695984           -0.678111
H                6.481473           -2.684371           -0.513997
H                5.702567           -1.599300           -1.686689
C                6.866812           -0.175861            0.391595
H                7.037040            0.311925           -0.580566
H                7.707803           -0.860450            0.581662
H                6.880853            0.605624            1.166262
C                5.561416           -0.961223            0.406698
C                4.391329           -0.026829            0.147714
C                3.065949           -0.620125            0.069899
H                3.014393           -1.686052            0.297909
C                1.861052           -0.073143           -0.247979
C                0.617819           -0.848561           -0.347266
C                0.624834           -2.197919           -0.739745
H                1.564296           -2.687815           -1.010787
C               -0.568608           -2.900259           -0.826098
H               -0.560001           -3.945743           -1.143276
C               -0.603934           -0.233870           -0.055616
H               -0.684983            0.803661            0.294330
O                4.618710            1.191140            0.025596
O                1.706601            1.261733           -0.494535
H                0.797964            1.431132           -0.801028
C               -5.980191            1.328166           -1.122088
H               -5.522067            2.204760           -0.636367
H               -6.759950            1.685471           -1.814803
H               -5.203602            0.827536           -1.726887
C               -7.187859           -0.842015           -0.812455
H               -6.439460           -1.354774           -1.440895
H               -8.005233           -0.520710           -1.478660
H               -7.606423           -1.571470           -0.098886
C               -7.676562            1.088660            0.714208
H               -8.122232            0.417133            1.464427
H               -8.478650            1.445711            0.048133
H               -7.261808            1.954845            1.252815
C               -6.603856            0.379447           -0.095440
C               -5.506210           -0.098412            0.829382
C               -4.328628           -0.826497            0.249727
C               -3.051214           -0.161300            0.205855
C               -1.808080           -0.934542           -0.139985
C               -1.779995           -2.276811           -0.524503
H               -2.704975           -2.854025           -0.602256
O               -5.496764            0.036496            2.028830
O               -2.957354            1.040272            0.443453
H               -4.437474           -1.895007            0.030377
Cu               3.299232            2.549606           -0.297904