50
 
C                5.327238           -1.983355            1.081487
H                5.173191           -1.513154            2.066514
H                6.179670           -2.675623            1.174437
H                4.440446           -2.597028            0.848108
C                5.840867           -1.625878           -1.359037
H                4.988087           -2.256079           -1.659704
H                6.720744           -2.286339           -1.297248
H                6.032741           -0.892210           -2.158755
C                6.910949           -0.178743            0.375847
H                7.175800            0.568831           -0.387048
H                7.749890           -0.885319            0.468849
H                6.799890            0.346101            1.337387
C                5.646937           -0.940583            0.002008
C                4.481852            0.021822           -0.109325
C                3.156194           -0.563622           -0.359986
C                1.844933            0.059209           -0.139598
C                0.660085           -0.805886           -0.078338
C                0.731720           -2.213508           -0.028759
H                1.692703           -2.735092           -0.038080
C               -0.428514           -2.967198            0.062563
H               -0.368889           -4.056938            0.107244
C               -0.597216           -0.185540           -0.035039
H               -0.682234            0.904007           -0.070624
O                4.660002            1.239528            0.011329
O                1.713261            1.290764           -0.019425
H                3.155819           -1.589327           -0.735824
C               -5.892360            0.863633           -1.596381
H               -5.248146            1.736540           -1.405713
H               -6.679280            1.166169           -2.306970
H               -5.284428            0.093409           -2.101278
C               -7.379252           -0.894397           -0.599664
H               -6.789100           -1.709026           -1.052908
H               -8.182299           -0.640313           -1.311374
H               -7.854208           -1.280539            0.317472
C               -7.427186            1.439209            0.290431
H               -7.903243            1.097087            1.221581
H               -8.218011            1.718769           -0.424397
H               -6.842920            2.341106            0.532062
C               -6.541078            0.356611           -0.308377
C               -5.481493           -0.039228            0.709438
C               -4.343084           -0.961278            0.268790
H               -4.549663           -1.515909           -0.665268
C               -3.067055           -0.181071            0.084653
C               -1.764271           -0.937571            0.051803
C               -1.671512           -2.334576            0.101055
H               -2.576334           -2.945368            0.169377
O               -5.502228            0.312524            1.861377
O               -3.056393            1.020110           -0.045095
H               -4.207593           -1.709187            1.068815
Cu               3.197024            2.580818            0.046774