50
 
C               -4.493786           -2.710024           -0.774958
H               -5.253519           -2.357806           -1.487820
H               -4.837578           -3.666961           -0.349826
H               -3.561467           -2.900575           -1.333488
C               -3.241975           -2.247236            1.330726
H               -2.276293           -2.454449            0.838073
H               -3.608983           -3.198257            1.748786
H               -3.067570           -1.563739            2.178484
C               -5.589176           -1.442387            1.088710
H               -5.457670           -0.707360            1.900212
H               -5.951678           -2.382316            1.535868
H               -6.363381           -1.064912            0.404497
C               -4.269112           -1.695759            0.350894
C               -3.832581           -0.387368           -0.268037
C               -2.676919            0.295007            0.056178
H               -2.027426           -0.103222            0.834235
C               -2.396174            1.565239           -0.555878
C               -1.158464            2.316300           -0.174736
C               -1.082999            3.677105           -0.501364
H               -1.936419            4.122905           -1.020114
C                0.038724            4.435943           -0.172763
H                0.069643            5.499377           -0.422547
C               -0.071561            1.721985            0.463287
H               -0.099748            0.655042            0.715205
O               -4.673349            0.074818           -1.157079
O               -3.153864            2.082954           -1.390376
H               -4.318391            0.957090           -1.475850
C                3.386992           -2.443473            1.956606
H                4.436579           -2.161571            1.772791
H                3.347217           -3.536308            2.091332
H                3.076201           -1.990789            2.909903
C                1.012281           -2.374842            1.109380
H                0.665121           -1.881406            2.032080
H                0.900272           -3.461771            1.255840
H                0.341113           -2.070679            0.286974
C                2.903824           -2.792597           -0.459242
H                2.204586           -2.628556           -1.314213
H                2.860891           -3.879714           -0.287222
H                3.965241           -2.592933           -0.731682
C                2.475885           -2.033960            0.795259
C                2.545865           -0.525624            0.584760
C                2.236042            0.359132            1.663184
H                2.189000            0.005405            2.698975
C                2.212215            1.837489            1.427911
C                1.066874            2.472524            0.775078
C                1.116526            3.839182            0.468045
H                2.011827            4.408201            0.734883
O                2.813142           -0.013906           -0.528954
O                3.221795            2.392995            1.806988
Cu               3.308129           -1.053082           -2.080629