50
 
C                3.805572           -1.973570            1.431019
H                3.202804           -1.344513            2.108102
H                4.241917           -2.783051            2.037936
H                3.130675           -2.444702            0.698236
C                5.720060           -2.063687           -0.205293
H                5.080419           -2.530750           -0.971057
H                6.195871           -2.881320            0.359099
H                6.521960           -1.503082           -0.712566
C                5.889388           -0.646050            1.848647
H                6.705030           -0.050817            1.410483
H                6.337763           -1.490646            2.393860
H                5.362585           -0.010998            2.577238
C                4.945284           -1.177216            0.778460
C                4.315518           -0.028662            0.030035
C                3.325867           -0.326788           -1.089474
H                3.309209           -1.395283           -1.322637
C                1.935394            0.233227           -0.840768
C                0.763456           -0.643987           -0.803888
C                0.804543           -2.014026           -1.128968
H                1.731023           -2.497152           -1.449905
C               -0.352218           -2.776661           -1.066085
H               -0.320013           -3.838022           -1.322534
C               -0.459522           -0.069726           -0.424916
H               -0.519922            0.990906           -0.166901
O                4.584143            1.135459            0.311338
O                1.801845            1.451046           -0.671190
H                3.712687            0.200274           -1.982089
C               -5.902589            1.423314           -0.881877
H               -5.417632            2.249097           -0.336863
H               -6.731824            1.841257           -1.476296
H               -5.166280            1.003320           -1.589573
C               -7.065866           -0.787874           -0.726382
H               -6.358891           -1.218085           -1.456381
H               -7.930754           -0.410805           -1.296499
H               -7.426942           -1.595972           -0.068206
C               -7.466354            0.960086            1.027784
H               -7.853294            0.204564            1.729101
H               -8.315144            1.373283            0.459143
H               -7.023772            1.770298            1.627909
C               -6.444695            0.360020            0.076256
C               -5.282401           -0.196385            0.869107
C               -4.130467           -0.819970            0.136971
C               -2.867555           -0.123535            0.110491
C               -1.621642           -0.832603           -0.348806
C               -1.556381           -2.192538           -0.672884
H               -2.449885           -2.820087           -0.615112
O               -5.202151           -0.204199            2.073797
O               -2.793989            1.052952            0.450278
H               -4.243692           -1.845010           -0.234960
Cu               3.343965            2.611208           -0.221720