50
 
C                5.808391           -1.582001            1.896806
H                6.286360           -0.725572            2.400896
H                6.254096           -2.503066            2.308374
H                4.739657           -1.583857            2.166263
C                5.323167           -2.709242           -0.291708
H                4.243360           -2.733732           -0.071744
H                5.754872           -3.658604            0.067155
H                5.448766           -2.677801           -1.386908
C                7.528462           -1.604784            0.088832
H                7.727226           -1.561619           -0.993056
H                7.943115           -2.547332            0.481622
H                8.069774           -0.766688            0.553952
C                6.036507           -1.534320            0.383283
C                5.467856           -0.230454           -0.162540
C                4.051674            0.048675            0.006939
H                3.414611           -0.666133            0.527989
C                3.521706            1.217288           -0.473565
C                2.095726            1.592254           -0.341796
C                1.688238            2.870425           -0.758641
H                2.441645            3.546444           -1.169350
C                0.360151            3.275418           -0.653419
H                0.068831            4.275637           -0.982975
C                1.137679            0.722426            0.177138
H                1.397043           -0.287863            0.505734
O                6.201379            0.579652           -0.741109
O                4.249689            2.120002           -1.092804
H                5.189395            1.755567           -1.112502
C               -5.310695            0.042116            2.298870
H               -5.135343           -1.022513            2.524878
H               -6.344475            0.287223            2.591661
H               -4.642576            0.637085            2.939704
C               -5.310329            1.842392            0.533460
H               -4.630549            2.469108            1.131820
H               -6.338920            2.136580            0.798434
H               -5.150792            2.085113           -0.530496
C               -6.134858           -0.445727            0.001655
H               -6.082435           -0.219874           -1.088161
H               -7.158987           -0.163070            0.292106
H               -6.083739           -1.540261            0.214579
C               -5.109905            0.346621            0.809903
C               -3.683744           -0.025487            0.414799
C               -2.584726            0.618942            1.073806
H               -2.771019            1.335635            1.883079
C               -1.178630            0.181120            0.823509
C               -0.197217            1.124677            0.285656
C               -0.587203            2.405840           -0.129225
H               -1.636096            2.717172           -0.047321
O               -3.435323           -0.852139           -0.489720
O               -0.954937           -0.966632            1.154198
Cu              -4.793923           -1.881783           -1.398373