50
 
C               -2.461245            3.384118            0.926264
H               -3.365141            3.598846            1.519349
H               -2.058690            4.347275            0.574290
H               -1.700938            2.940346            1.588600
C               -1.502261            2.232148           -1.098763
H               -0.662260            1.878609           -0.479786
H               -1.170498            3.171072           -1.569794
H               -1.675404            1.505050           -1.910767
C               -3.802688            3.222986           -1.180667
H               -4.049057            2.627971           -2.073809
H               -3.389341            4.186194           -1.516503
H               -4.739845            3.423434           -0.639687
C               -2.782483            2.514884           -0.298531
C               -3.349533            1.204127            0.186088
C               -2.489840            0.296957            1.060233
H               -3.050414            0.183899            2.007594
C               -2.312567           -1.106491            0.509527
C               -0.988580           -1.597974            0.129044
C               -0.880575           -2.899260           -0.404563
H               -1.777809           -3.517417           -0.484672
C                0.349704           -3.374702           -0.826354
H                0.433217           -4.381376           -1.242504
C                0.163159           -0.811238            0.237099
H                0.159024            0.196628            0.658151
O               -4.499018            0.869913           -0.088021
O               -3.307473           -1.832124            0.375132
H               -1.536510            0.774298            1.303111
C                5.407321            0.697691            1.767556
H                4.831564            1.637305            1.762118
H                6.190858            0.777134            2.539118
H                4.726374           -0.117853            2.069145
C                6.804113           -0.906491            0.446664
H                6.157819           -1.741270            0.767615
H                7.630784           -0.839897            1.172829
H                7.241723           -1.157485           -0.534122
C                6.992426            1.558401            0.019631
H                7.449979            1.380039           -0.965903
H                7.798788            1.651062            0.765051
H                6.458341            2.519787           -0.034556
C                6.053114            0.428076            0.405912
C                4.944278            0.320396           -0.617644
C                3.883503           -0.723763           -0.432949
C                2.543065           -0.302091           -0.108617
C                1.400752           -1.274609           -0.204353
C                1.485053           -2.564768           -0.735590
H                2.440845           -2.953249           -1.098525
O                4.837393            1.008284           -1.604323
O                2.316222            0.849277            0.255359
H                4.122951           -1.766406           -0.672933
Cu              -5.102884           -1.009558            0.217638