50
 
C               -3.904853            1.469449            1.830760
H               -3.206992            0.824136            2.391073
H               -4.449680            2.080425            2.568230
H               -3.317294            2.162110            1.207041
C               -5.831039            1.571697            0.209167
H               -5.278332            2.264243           -0.445526
H               -6.419289            2.189003            0.906541
H               -6.544136            1.000464           -0.407149
C               -5.761775           -0.207275            1.966049
H               -6.484723           -0.826876            1.413821
H               -6.324699            0.447140            2.649036
H               -5.137869           -0.879386            2.574913
C               -4.920229            0.645259            1.025859
C               -4.136993           -0.239939            0.088184
C               -3.222182            0.401495           -0.946012
H               -3.370823            1.484042           -0.982906
C               -1.755432            0.025628           -0.810111
C               -0.724067            1.053676           -0.684787
C               -0.997607            2.434265           -0.693930
H               -2.019007            2.811274           -0.787788
C                0.039530            3.352872           -0.599627
H               -0.178090            4.423314           -0.614021
C                0.613029            0.622209           -0.573851
H                0.806429           -0.453242           -0.586594
O               -4.228440           -1.463005            0.147271
O               -1.437491           -1.171792           -0.836443
H               -3.544222           -0.002385           -1.924997
C                5.769150            0.459669            1.700420
H                6.097158            1.347614            1.137122
H                6.432666            0.335463            2.571999
H                4.753013            0.658173            2.084343
C                5.272835           -1.992391            1.640158
H                4.248233           -1.811319            2.009001
H                5.911520           -2.163280            2.522399
H                5.273292           -2.918497            1.041103
C                7.232469           -1.084463            0.364248
H                7.273386           -1.985852           -0.266447
H                7.897948           -1.234988            1.229685
H                7.625520           -0.246061           -0.231905
C                5.816457           -0.803085            0.839212
C                4.908737           -0.622828           -0.357127
C                3.478623           -0.215667           -0.146004
C                3.104395            1.153618           -0.398189
C                1.652315            1.537988           -0.477479
C                1.353589            2.908915           -0.498579
H                2.189737            3.612096           -0.441733
O                5.223368           -0.817790           -1.506285
O                3.960669            2.021436           -0.533030
H                2.739029           -1.001546            0.047358
Cu              -2.794460           -2.603222           -0.645064