50
 
C               -4.818229            2.845958           -0.614492
H               -4.530394            3.547339            0.186486
H               -5.602238            3.331470           -1.218400
H               -3.948962            2.689031           -1.276324
C               -5.706867            0.577325           -1.190407
H               -4.845425            0.404686           -1.859559
H               -6.513774            1.016003           -1.799967
H               -6.048307           -0.400935           -0.816158
C               -6.568557            1.785973            0.837941
H               -6.951996            0.848636            1.270449
H               -7.374848            2.248915            0.246560
H               -6.320827            2.458612            1.673548
C               -5.358178            1.528972           -0.044405
C               -4.255465            0.908842            0.780590
C               -2.983786            0.468507            0.113682
H               -2.211649            1.220602           -0.089198
C               -2.752199           -0.940204           -0.071833
C               -1.376563           -1.434150           -0.438290
C               -1.277866           -2.742753           -0.922317
H               -2.200688           -3.318819           -1.033373
C               -0.041329           -3.279451           -1.267050
H                0.018918           -4.271387           -1.723769
C               -0.215331           -0.674214           -0.245830
H               -0.271744            0.325426            0.197123
O               -4.276742            0.750951            1.977608
O               -3.663244           -1.753461            0.041986
C                5.294664            2.974516           -1.005928
H                6.138473            2.496083           -0.487357
H                5.553772            4.030298           -1.183068
H                5.165562            2.489722           -1.987771
C                2.885424            3.631589           -0.907802
H                2.704245            3.211909           -1.911062
H                3.167461            4.686847           -1.045460
H                1.940431            3.619881           -0.339862
C                4.236195            3.565051            1.194157
H                3.331916            3.514233            1.822998
H                4.483549            4.627888            1.045251
H                5.067010            3.092562            1.738239
C                4.006122            2.907607           -0.173370
C                3.693022            1.453856            0.060243
C                2.528065            0.815894           -0.371133
H                1.784867            1.377077           -0.936663
C                2.299885           -0.545986           -0.115945
C                1.036092           -1.216651           -0.528775
C                1.125891           -2.527977           -1.074206
H                2.074673           -2.868273           -1.523906
O                4.617046            0.807022            0.708676
O                3.133160           -1.293666            0.500325
H                4.348347           -0.141310            0.811992
Cu               2.139790           -3.066879            0.700742