50
 
C               -5.512734            1.163468            1.694028
H               -5.301656            0.440441            2.498829
H               -6.483039            1.634460            1.919492
H               -4.752825            1.960764            1.736014
C               -5.855175            1.513520           -0.776762
H               -5.105887            2.321370           -0.799989
H               -6.832799            1.988476           -0.594027
H               -5.894754            1.045169           -1.773693
C               -6.733439           -0.543536            0.337164
H               -6.833013           -1.052977           -0.633275
H               -7.683289           -0.031367            0.554176
H               -6.579502           -1.314600            1.107869
C               -5.601337            0.474879            0.326149
C               -4.287268           -0.221586            0.021666
C               -3.072149            0.593128            0.046646
H               -3.234539            1.666522            0.152109
C               -1.686910            0.142603           -0.024354
C               -0.621639            1.154440           -0.094563
C               -0.862506            2.541921           -0.157233
H               -1.877141            2.945547           -0.152367
C                0.195986            3.436969           -0.239217
H               -0.001535            4.510137           -0.289363
C                0.709556            0.694545           -0.118955
H                0.879692           -0.383590           -0.070652
O               -4.279051           -1.435032           -0.237880
O               -1.369486           -1.066945           -0.038247
C                5.946127            0.245352            1.598628
H                6.100811            1.256069            1.189844
H                6.731866            0.055436            2.348419
H                4.982717            0.236184            2.136616
C                5.752697           -2.205951            1.101065
H                4.769899           -2.271193            1.598681
H                6.518120           -2.434088            1.861373
H                5.803444           -2.990404            0.327789
C                7.402796           -0.800738           -0.142528
H                7.485465           -1.563956           -0.930685
H                8.178439           -0.995514            0.615589
H                7.609653            0.176612           -0.606325
C                6.025688           -0.818649            0.505291
C                4.967347           -0.590243           -0.565917
C                3.526197           -0.313313           -0.136379
H                3.293758           -0.653005            0.889690
C                3.212750            1.159184           -0.232985
C                1.769936            1.586019           -0.200671
C                1.503502            2.964938           -0.258962
H                2.356998            3.646618           -0.321956
O                5.196950           -0.654611           -1.746552
O                4.078146            1.997045           -0.320333
H                2.874592           -0.876326           -0.825805
Cu              -2.644638           -2.520763           -0.320238