50
 
C                2.177180           -3.373571            1.348165
H                3.213989           -3.603658            1.642238
H                1.632225           -4.327936            1.267030
H                1.701379           -2.792391            2.155033
C                0.672233           -2.391399           -0.411659
H                0.073572           -1.980897            0.418181
H                0.198549           -3.344076           -0.696375
H                0.594473           -1.715304           -1.281294
C                2.807053           -3.525875           -1.072052
H                2.794873           -3.039994           -2.060692
H                2.275477           -4.485882           -1.157926
H                3.854333           -3.737755           -0.812293
C                2.127036           -2.662741           -0.016184
C                2.891515           -1.373045            0.164147
C                2.285986           -0.259829            1.009812
H                2.951619           -0.172552            1.890792
C                2.292687            1.119959            0.373163
C                1.048326            1.854335            0.160245
C                1.138829            3.217460           -0.184433
H                2.127329            3.671931           -0.283973
C               -0.011136            3.970071           -0.367039
H                0.063650            5.031721           -0.614045
C               -0.220616            1.260546            0.279532
H               -0.320780            0.204364            0.542093
O                4.022781           -1.248974           -0.295826
O                3.377369            1.637619            0.071963
H                1.299143           -0.537983            1.392226
C               -5.655277            0.249555           -1.257134
H               -5.987530            1.103685           -0.646262
H               -6.461660           -0.008007           -1.963263
H               -4.786086            0.577874           -1.853809
C               -4.792826           -2.099683           -1.280006
H               -3.911067           -1.788294           -1.866661
H               -5.572595           -2.399582           -1.999306
H               -4.526145           -2.989211           -0.684664
C               -6.547892           -1.432484            0.382850
H               -6.315233           -2.302163            1.016441
H               -7.352594           -1.715474           -0.314791
H               -6.926957           -0.635473            1.041589
C               -5.326153           -0.967770           -0.392708
C               -4.220179           -0.609743            0.574199
C               -2.956756            0.016388            0.059280
H               -2.168612           -0.637857           -0.335691
C               -2.751667            1.435200            0.240967
C               -1.375146            2.009414            0.076375
C               -1.261528            3.373248           -0.222590
H               -2.183430            3.951733           -0.334481
O               -4.237271           -0.823631            1.763125
O               -3.690563            2.178406            0.500161
Cu               4.966329            0.512607           -0.260865