50
 
C               -5.703770           -2.110716           -0.066714
H               -6.519325           -1.563948           -0.567268
H               -6.162338           -2.925254            0.516146
H               -5.073161           -2.581749           -0.837536
C               -3.763071           -1.981708            1.535716
H               -3.096718           -2.457192            0.798054
H               -4.181483           -2.786699            2.160986
H               -3.154604           -1.338027            2.193710
C               -5.851472           -0.667988            1.971140
H               -5.318667           -0.017761            2.681791
H               -6.281997           -1.509438            2.535309
H               -6.680446           -0.086808            1.539230
C               -4.920578           -1.204316            0.892009
C               -4.315344           -0.059770            0.117023
C               -3.343335           -0.364140           -1.014692
H               -3.753796            0.141780           -1.909346
C               -1.953628            0.217266           -0.812456
C               -0.765454           -0.638285           -0.841542
C               -0.803478           -2.018344           -1.121491
H               -1.743612           -2.532548           -1.336674
C                0.372470           -2.753296           -1.148678
H                0.341950           -3.822131           -1.372107
C                0.473573           -0.027746           -0.593056
H                0.533115            1.042455           -0.377947
O               -4.593120            1.105094            0.386576
O               -1.832719            1.435995           -0.641079
H               -3.318082           -1.435514           -1.232999
C                5.488664            0.630865            2.008482
H                5.085667            1.644653            1.853872
H                6.111483            0.641796            2.918227
H                4.639347           -0.049113            2.197431
C                6.826211           -1.257577            1.054964
H                5.996651           -1.957259            1.255516
H                7.486832           -1.275816            1.937343
H                7.405555           -1.636260            0.196202
C                7.506101            1.112613            0.593090
H                8.113750            0.797086           -0.269152
H                8.152129            1.129146            1.485817
H                7.161908            2.139682            0.395214
C                6.332613            0.173464            0.816679
C                5.453153            0.162466           -0.414704
C                4.203009           -0.668579           -0.413818
H                4.294448           -1.739611           -0.629111
C                2.927470            0.000546           -0.345267
C                1.657083           -0.760376           -0.616829
C                1.595007           -2.129758           -0.899473
H                2.507060           -2.731889           -0.931854
O                5.682636            0.758541           -1.438976
O                2.860453            1.193096           -0.064686
Cu              -3.378448            2.587617           -0.184064