50
 
C                1.431568            2.286806           -0.974075
H                1.574924            1.608232           -1.832633
H                1.062577            3.244272           -1.375044
H                0.629940            1.884573           -0.334387
C                2.476151            3.350011            1.057269
H                1.751695            2.865707            1.731193
H                2.049805            4.325697            0.774687
H                3.405264            3.543946            1.617594
C                3.712787            3.313673           -1.118205
H                4.674140            3.497663           -0.615148
H                3.273292            4.287880           -1.381407
H                3.919602            2.769451           -2.052775
C                2.746288            2.547733           -0.224098
C                3.350041            1.220443            0.162017
C                2.546324            0.263545            1.034436
H                1.606109            0.720029            1.356023
C                2.343937           -1.116159            0.433329
C                0.998759           -1.622031            0.160692
C                0.862985           -2.924988           -0.362298
H                1.759193           -3.526861           -0.529771
C               -0.394153           -3.426099           -0.655292
H               -0.499465           -4.435696           -1.059254
C               -0.150835           -0.853976            0.376285
H               -0.123478            0.157777            0.786924
O                4.484942            0.913162           -0.192924
O                3.333275           -1.817314            0.181131
H                3.159022            0.108351            1.943101
C               -5.125708            1.455409           -1.290931
H               -4.611406            2.271699           -0.758649
H               -5.778120            1.901292           -2.059751
H               -4.361231            0.853147           -1.812720
C               -6.628515           -0.537872           -1.112057
H               -5.892470           -1.147987           -1.663411
H               -7.326915           -0.121327           -1.856278
H               -7.206647           -1.201211           -0.447029
C               -7.016088            1.455544            0.362537
H               -7.618437            0.854721            1.061593
H               -7.693916            1.906225           -0.380380
H               -6.549493            2.266386            0.943177
C               -5.967820            0.605590           -0.335849
C               -5.038505            0.001990            0.693925
C               -3.922157           -0.889966            0.234589
C               -2.566592           -0.405238            0.303772
C               -1.417993           -1.346477            0.071219
C               -1.530981           -2.642156           -0.440251
H               -2.512247           -3.055766           -0.689997
O               -5.122716            0.159735            1.887628
O               -2.328499            0.774353            0.552611
H               -4.151919           -1.942346            0.029501
Cu               5.112663           -0.975518           -0.037407