50
 
C               -6.534119            0.644074            0.543587
H               -6.105070            0.773800            1.551093
H               -7.624325            0.770492            0.635996
H               -6.165958            1.455399           -0.106270
C               -6.885941           -0.859770           -1.416344
H               -6.490683           -0.104506           -2.116125
H               -7.972644           -0.701556           -1.325984
H               -6.718235           -1.855980           -1.851499
C               -6.791935           -1.811969            0.901869
H               -6.620180           -2.821544            0.500196
H               -7.877818           -1.668554            1.022131
H               -6.329521           -1.752579            1.901321
C               -6.234621           -0.732630           -0.034085
C               -4.754200           -0.980789           -0.194134
C               -3.758532           -0.079789            0.150776
H               -4.044766            0.880334            0.574448
C               -2.387813           -0.426059           -0.038718
C               -1.303991            0.548744            0.344732
C               -1.545882            1.843013            0.814701
H               -2.568922            2.208257            0.927149
C               -0.487191            2.676311            1.171032
H               -0.688849            3.658731            1.606944
C                0.017657            0.105384            0.190865
H                0.171555           -0.896579           -0.222166
O               -4.466421           -2.149980           -0.698293
O               -2.019447           -1.516188           -0.508023
H               -3.470243           -2.221097           -0.760073
C                5.968078           -1.998063            1.348816
H                6.680960           -1.182698            1.152450
H                6.545142           -2.910800            1.573275
H                5.375192           -1.744179            2.242258
C                4.101588           -3.400143            0.417379
H                3.561197           -3.267905            1.367485
H                4.675737           -4.337871            0.500475
H                3.371285           -3.533323           -0.396835
C                5.917906           -2.583630           -1.098277
H                5.289077           -2.727688           -1.991441
H                6.476443           -3.517089           -0.926229
H                6.642407           -1.782993           -1.311058
C                5.079038           -2.272078            0.136057
C                4.305113           -0.928253           -0.109982
C                3.002946           -0.707499            0.369761
H                2.444524           -1.478976            0.897511
C                2.493256            0.580039            0.160314
C                1.085676            0.935142            0.504839
C                0.833987            2.237540            1.023293
H                1.650415            2.803761            1.505773
O                4.955734           -0.050582           -0.697614
O                3.174965            1.502703           -0.379049
Cu               1.858914            2.997589           -0.682961