50
 
C                5.882256            1.498806           -0.305545
H                6.542815            0.818358           -0.867089
H                6.525953            2.204041            0.243780
H                5.296143            2.091904           -1.025570
C                4.075164            1.706047            1.439155
H                3.460175            2.312999            0.755592
H                4.681721            2.405626            2.036316
H                3.404402            1.176285            2.136864
C                5.907540            0.019431            1.711523
H                5.316445           -0.532404            2.458387
H                6.527132            0.756793            2.244432
H                6.580004           -0.697793            1.216700
C                5.016143            0.737966            0.707468
C                4.156032           -0.261102           -0.025783
C                3.175201            0.236347           -1.080761
H                3.428523           -0.312992           -2.007483
C                1.721575           -0.094000           -0.786556
C                0.714246            0.960070           -0.684732
C                0.989948            2.323041           -0.901889
H                1.988523            2.662314           -1.188311
C               -0.016405            3.270262           -0.764675
H                0.203459            4.326819           -0.934366
C               -0.598531            0.573157           -0.349539
H               -0.793638           -0.489077           -0.181869
O                4.238654           -1.462893            0.210897
O                1.393438           -1.280822           -0.645559
H                3.326793            1.299969           -1.284385
C               -6.229792            0.481068           -0.891497
H               -6.340799            1.400245           -0.294666
H               -7.144038            0.344237           -1.492141
H               -5.392349            0.631946           -1.595301
C               -5.784964           -1.981860           -0.880352
H               -4.937047           -1.848718           -1.574376
H               -6.681920           -2.167508           -1.493886
H               -5.603357           -2.882760           -0.270513
C               -7.200002           -0.961918            0.922180
H               -7.046204           -1.835890            1.573705
H               -8.115511           -1.125469            0.330951
H               -7.360704           -0.088545            1.573530
C               -6.014220           -0.744934           -0.003356
C               -4.761379           -0.545262            0.820024
C               -3.476660           -0.181715            0.133407
H               -2.863906           -0.987162           -0.288893
C               -3.011614            1.181550            0.206624
C               -1.605546            1.518279           -0.206039
C               -1.300097            2.873067           -0.406008
H               -2.103663            3.602413           -0.267499
O               -4.683407           -0.690070            2.016359
O               -3.756586            2.080495            0.581930
Cu               2.749341           -2.685832           -0.311545