50
 
C               -5.994158           -0.125193            1.791999
H               -6.085977           -1.222657            1.736268
H               -6.984985            0.270803            2.065577
H               -5.294649            0.116466            2.608038
C               -5.480447            2.021358            0.634861
H               -4.827531            2.321272            1.469677
H               -6.488062            2.398264            0.867456
H               -5.141417            2.526070           -0.284312
C               -6.542811            0.175834           -0.645644
H               -6.212128            0.559151           -1.624567
H               -7.512047            0.641598           -0.410751
H               -6.764360           -0.903762           -0.751283
C               -5.538200            0.508090            0.467635
C               -4.185952           -0.081750            0.114059
C               -3.009139            0.590040            0.154135
H               -3.111571            1.632122            0.449154
C               -1.645930            0.149651           -0.119055
C               -0.576079            1.160598           -0.171175
C               -0.822782            2.543672           -0.214203
H               -1.841984            2.936967           -0.202990
C                0.233252            3.441707           -0.311429
H                0.031954            4.514586           -0.357914
C                0.753352            0.705697           -0.218120
H                0.925549           -0.373137           -0.201948
O               -4.252673           -1.404299           -0.229395
O               -1.323766           -1.046705           -0.298226
H               -5.184014           -1.660960           -0.342630
C                6.159290            0.508738            1.402164
H                6.447915            1.338565            0.737782
H                6.923799            0.412482            2.190744
H                5.209374            0.783436            1.893581
C                5.568703           -1.915792            1.587971
H                4.613679           -1.660188            2.078739
H                6.316083           -2.060885            2.385456
H                5.448377           -2.878097            1.062340
C                7.373029           -1.189906            0.005369
H                7.295343           -2.133145           -0.557077
H                8.141742           -1.311930            0.785693
H                7.714150           -0.414038           -0.697788
C                6.044109           -0.810577            0.637592
C                4.993823           -0.664980           -0.443355
C                3.623117           -0.182038           -0.070223
H                2.902316           -0.907873            0.324384
C                3.251735            1.175907           -0.392256
C                1.813790            1.600371           -0.304251
C                1.541738            2.974921           -0.359658
H                2.389088            3.660724           -0.449347
O                5.154609           -0.943656           -1.607269
O                4.105621            1.994416           -0.716406
Cu              -2.542883           -2.513861           -0.456635