50
 
C               -3.044799            2.584275            2.153002
H               -3.901674            2.097102            2.646548
H               -3.010598            3.628582            2.503146
H               -2.120681            2.094874            2.499194
C               -1.969994            3.222328           -0.031415
H               -1.020709            2.748659            0.265950
H               -1.913316            4.279341            0.274733
H               -2.041283            3.199712           -1.131429
C               -4.447512            3.361954            0.239890
H               -4.600429            3.374092           -0.850283
H               -4.346337            4.403529            0.581715
H               -5.352274            2.938255            0.701423
C               -3.198354            2.579699            0.625420
C               -3.322981            1.139925            0.157742
C               -2.192653            0.256946            0.401054
H               -1.379924            0.684265            0.991727
C               -1.959688           -1.026792            0.015472
C               -0.708313           -1.739705            0.294477
C               -0.735958           -3.109142            0.608610
H               -1.688210           -3.646479            0.688080
C                0.445288           -3.783829            0.899072
H                0.414944           -4.843101            1.165463
C                0.522214           -1.067762            0.259185
H                0.543637           -0.005251           -0.002936
O               -4.378779            0.782870           -0.397417
O               -2.888348           -1.773254           -0.660382
H               -2.472114           -2.594237           -0.975425
C                6.014767           -0.397162           -1.118159
H                6.332746           -0.949208           -0.219525
H                6.853917           -0.382404           -1.832928
H                5.190248           -0.961488           -1.588317
C                5.091769            1.735541           -2.047993
H                4.253685            1.189332           -2.514519
H                5.902658            1.785383           -2.793224
H                4.766186            2.768095           -1.837386
C                6.768033            1.810276           -0.183622
H                6.477130            2.840926            0.071478
H                7.602616            1.852379           -0.902040
H                7.130705            1.331106            0.739242
C                5.604578            1.037292           -0.782577
C                4.458396            1.005335            0.203249
C                3.236838            0.189768           -0.107640
H                2.461111            0.632063           -0.744695
C                3.049598           -1.069271            0.572236
C                1.706044           -1.743005            0.546361
C                1.656795           -3.103039            0.878326
H                2.596547           -3.604964            1.125223
O                4.412232            1.624208            1.239411
O                3.981298           -1.611143            1.156425
Cu              -4.742559           -0.977372           -1.071092