50
 
C               -3.857576            2.923457            1.684935
H               -4.914526            2.642564            1.543565
H               -3.837494            3.989778            1.960624
H               -3.462698            2.345300            2.535412
C               -1.575789            3.151960            0.708062
H               -1.144635            2.638270            1.581635
H               -1.572369            4.228070            0.939042
H               -0.915065            2.996505           -0.160202
C               -3.560080            3.544062           -0.735545
H               -3.014223            3.358779           -1.674888
H               -3.458368            4.612489           -0.491495
H               -4.641056            3.398548           -0.926101
C               -3.004619            2.704985            0.424706
C               -3.084523            1.233429            0.064537
C               -2.074942            0.340425            0.214039
H               -1.159917            0.777702            0.608879
C               -2.027819           -1.098085           -0.020966
C               -0.742896           -1.796109            0.157023
C               -0.766194           -3.196681            0.276779
H               -1.726850           -3.713716            0.223582
C                0.409359           -3.904674            0.484030
H                0.379924           -4.991047            0.597617
C                0.492503           -1.129444            0.205111
H                0.543030           -0.042507            0.095314
O               -4.316210            0.861170           -0.398408
O               -3.022765           -1.788440           -0.335622
H               -4.855111            1.656145           -0.552907
C                6.036960           -0.374441           -1.023957
H                6.332640           -0.958794           -0.138355
H                6.900192           -0.315217           -1.707137
H                5.239389           -0.932396           -1.545134
C                5.113913            1.781316           -1.897370
H                4.307196            1.240559           -2.421733
H                5.953246            1.879732           -2.605413
H                4.758938            2.797430           -1.655680
C                6.715918            1.801917            0.031558
H                6.398538            2.816728            0.317052
H                7.577051            1.885867           -0.651041
H                7.050013            1.290372            0.947796
C                5.589184            1.037357           -0.643429
C                4.406569            0.945344            0.296307
C                3.211896            0.130312           -0.102715
C                3.013385           -1.168174            0.501995
C                1.676091           -1.838291            0.394037
C                1.623237           -3.228251            0.557938
H                2.560969           -3.759342            0.745381
O                4.317490            1.516174            1.357496
O                3.934918           -1.737026            1.075979
H                2.461983            0.584480           -0.762474
Cu              -4.780542           -1.117372           -0.684874