50
 
C               -3.904988            1.470080            1.830449
H               -3.206901            0.825201            2.390979
H               -4.449968            2.081175            2.567706
H               -3.317668            2.162679            1.206439
C               -5.831320            1.571107            0.208945
H               -5.278883            2.263615           -0.446013
H               -6.419754            2.188448            0.906133
H               -6.544248            0.999409           -0.407136
C               -5.761358           -0.207184            1.966491
H               -6.484185           -0.827180            1.414548
H               -6.324399            0.447309            2.649307
H               -5.137198           -0.878908            2.575522
C               -4.920148            0.645267            1.025925
C               -4.136774           -0.240035            0.088462
C               -3.222235            0.401314           -0.946059
H               -3.370933            1.483850           -0.983023
C               -1.755442            0.025522           -0.810536
C               -0.724133            1.053599           -0.684996
C               -0.997746            2.434175           -0.693989
H               -2.019162            2.811132           -0.787882
C                0.039335            3.352826           -0.599520
H               -0.178336            4.423259           -0.613806
C                0.612981            0.622189           -0.574057
H                0.806444           -0.453251           -0.586930
O               -4.227944           -1.463102            0.147940
O               -1.437415           -1.171871           -0.837393
H               -3.544577           -0.002700           -1.924888
C                5.769012            0.459729            1.700503
H                6.097023            1.347673            1.137202
H                6.432482            0.335534            2.572114
H                4.752856            0.658261            2.084364
C                5.272710           -1.992348            1.640222
H                4.248084           -1.811284            2.009001
H                5.911355           -2.163220            2.522496
H                5.273217           -2.918454            1.041168
C                7.232366           -1.084391            0.364357
H                7.273316           -1.985867           -0.266212
H                7.897872           -1.234750            1.229801
H                7.625334           -0.246053           -0.231939
C                5.816343           -0.803030            0.839299
C                4.908657           -0.622762           -0.357065
C                3.478556           -0.215563           -0.146009
H                2.738953           -1.001446            0.047313
C                3.104305            1.153708           -0.398227
C                1.652210            1.538013           -0.477508
C                1.353413            2.908926           -0.498458
H                2.189515            3.612153           -0.441505
O                5.223337           -0.817781           -1.506207
O                3.960533            2.021566           -0.533095
Cu              -2.794234           -2.603239           -0.644969