50
 
C               -5.994214           -0.124574            1.792267
H               -6.085952           -1.222080            1.737198
H               -6.985089            0.271488            2.065570
H               -5.294766            0.117613            2.608202
C               -5.480722            2.021371            0.633956
H               -4.827839            2.321839            1.468598
H               -6.488394            2.398252            0.866342
H               -5.141785            2.525626           -0.285502
C               -6.542748            0.174994           -0.645601
H               -6.212038            0.557853           -1.624694
H               -7.512071            0.640734           -0.411020
H               -6.764064           -0.904694           -0.750722
C               -5.538257            0.508002            0.467567
C               -4.185912           -0.081838            0.114368
C               -3.009235            0.590237            0.153786
H               -3.111859            1.632526            0.447992
C               -1.645991            0.149846           -0.119141
C               -0.576130            1.160795           -0.171229
C               -0.822788            2.543878           -0.214170
H               -1.841967            2.937226           -0.202905
C                0.233270            3.441891           -0.311350
H                0.031991            4.514777           -0.357769
C                0.753294            0.705871           -0.218175
H                0.925471           -0.372966           -0.202062
O               -4.252366           -1.404671           -0.227987
O               -1.323804           -1.046528           -0.298145
H               -5.183669           -1.661758           -0.340507
C                6.159283            0.508852            1.402024
H                6.448001            1.338551            0.737526
H                6.923779            0.412647            2.190626
H                5.209393            0.783712            1.893394
C                5.568571           -1.915623            1.588189
H                4.613590           -1.659889            2.078977
H                6.315984           -2.060646            2.385655
H                5.448142           -2.877986            1.062689
C                7.372838           -1.190042            0.005379
H                7.295040           -2.133315           -0.556992
H                8.141574           -1.312069            0.785679
H                7.713981           -0.414248           -0.697848
C                6.043981           -0.810557            0.637638
C                4.993625           -0.665098           -0.443276
C                3.623019           -0.181906           -0.070131
C                3.251681            1.176009           -0.392282
C                1.813756            1.600523           -0.304261
C                1.541745            2.975080           -0.359615
H                2.389104            3.660874           -0.449285
O                5.154282           -0.944148           -1.607112
O                4.105574            1.994455           -0.716576
H                2.902151           -0.907685            0.324468
Cu              -2.542503           -2.513983           -0.456921