50
 
C                5.327839           -1.982136            1.083225
H                5.174557           -1.511051            2.067943
H                6.180087           -2.674633            1.176169
H                4.440657           -2.595645            0.850896
C                5.841081           -1.626930           -1.357684
H                4.988629           -2.258091           -1.657276
H                6.721450           -2.286699           -1.295531
H                6.032151           -0.894050           -2.158321
C                6.911174           -0.177928            0.375637
H                7.175893            0.568795           -0.388148
H                7.750190           -0.884310            0.469420
H                6.800124            0.348038            1.336561
C                5.647229           -0.940334            0.002709
C                4.481935            0.021726           -0.109267
C                3.156439           -0.564118           -0.359776
H                3.156347           -1.590005           -0.735153
C                1.845103            0.058727           -0.140023
C                0.660183           -0.806257           -0.078825
C                0.731696           -2.213858           -0.028870
H                1.692644           -2.735525           -0.037783
C               -0.428612           -2.967448            0.062314
H               -0.369068           -4.057182            0.107236
C               -0.597096           -0.185812           -0.036052
H               -0.682004            0.903730           -0.072023
O                4.659774            1.239539            0.010805
O                1.713515            1.290340           -0.020240
C               -5.894506            0.864257           -1.595531
H               -5.250634            1.737476           -1.405129
H               -6.682177            1.166522           -2.305402
H               -5.286477            0.094551           -2.101091
C               -7.379622           -0.894883           -0.598091
H               -6.789520           -1.708957           -1.052382
H               -8.183582           -0.640906           -1.308806
H               -7.853409           -1.281746            0.319349
C               -7.428042            1.438407            0.292775
H               -7.903248            1.095719            1.224159
H               -8.219560            1.717830           -0.421339
H               -6.844054            2.340504            0.534302
C               -6.541875            0.356464           -0.307126
C               -5.480905           -0.038780            0.709434
C               -4.343077           -0.961043            0.267716
H               -4.550326           -1.515206           -0.666474
C               -3.066947           -0.181108            0.083027
C               -1.764224           -0.937728            0.050734
C               -1.671578           -2.334732            0.100353
H               -2.576471           -2.945432            0.168550
O               -5.499885            0.313744            1.861172
O               -3.056194            1.019961           -0.047718
H               -4.207363           -1.709377            1.067297
Cu               3.196908            2.580968            0.046577