50
 
C                1.629883           -3.355125            0.835910
H                2.387585           -3.691284            1.562204
H                1.132806           -4.254741            0.439493
H                0.864210           -2.773544            1.374010
C                1.182275           -2.092048           -1.298498
H                0.407533           -1.485684           -0.801636
H                0.677437           -2.962921           -1.746607
H                1.610893           -1.499997           -2.124962
C                3.240317           -3.500476           -1.072880
H                3.712389           -2.985068           -1.923272
H                2.700439           -4.377157           -1.462274
H                4.041857           -3.860226           -0.409949
C                2.266755           -2.592317           -0.333548
C                2.993582           -1.381707            0.199655
C                2.213595           -0.331313            0.978017
H                2.729016           -0.235385            1.952814
C                2.243484            1.058955            0.363491
C                1.007065            1.763851            0.030434
C                1.119822            3.071570           -0.482779
H                2.115546            3.497897           -0.624071
C               -0.015834            3.805472           -0.787777
H                0.078140            4.822104           -1.176747
C               -0.273791            1.210261            0.211933
H               -0.397239            0.209744            0.635204
O                4.199147           -1.237579            0.018907
O                3.338582            1.605552            0.173099
H                1.196492           -0.672460            1.189772
C               -5.681066            0.032398           -1.259323
H               -6.026269            0.981696           -0.820152
H               -6.460945           -0.337893           -1.944823
H               -4.783001            0.246623           -1.865080
C               -4.851887           -2.291004           -0.836699
H               -3.944163           -2.091352           -1.432368
H               -5.606171           -2.708394           -1.523861
H               -4.619389           -3.064240           -0.085146
C               -6.666336           -1.333199            0.605754
H               -6.474254           -2.082319            1.389248
H               -7.445003           -1.726255           -0.067708
H               -7.060560           -0.431595            1.100110
C               -5.406016           -1.018999           -0.183452
C               -4.339312           -0.499193            0.753955
C               -3.039316           -0.000076            0.192254
C               -2.806244            1.424187            0.126602
C               -1.415117            1.942296           -0.099527
C               -1.276408            3.249196           -0.585279
H               -2.188478            3.817097           -0.791699
O               -4.419179           -0.478752            1.958891
O               -3.736318            2.216119            0.222967
H               -2.255980           -0.731314           -0.044789
Cu               5.027467            0.571640            0.209032