50
 
C               -6.236413            0.573466            1.543001
H               -6.466871           -0.499810            1.647906
H               -7.177423            1.124840            1.697630
H               -5.542200            0.852145            2.351699
C               -5.406920            2.434301            0.108019
H               -4.752421            2.778594            0.924222
H               -6.365365            2.963011            0.223502
H               -4.970691            2.743912           -0.855477
C               -6.651108            0.555955           -0.939311
H               -6.237659            0.739755           -1.944236
H               -7.560232            1.166986           -0.831240
H               -7.004943           -0.492080           -0.895551
C               -5.653717            0.931976            0.166449
C               -4.376675            0.133757           -0.016833
C               -3.124815            0.654503           -0.003909
H               -3.098922            1.733783            0.131779
C               -1.824215            0.004573           -0.110835
C               -0.614645            0.848124           -0.155805
C               -0.644354            2.236059           -0.383465
H               -1.585451            2.762333           -0.560525
C                0.538180            2.961590           -0.417715
H                0.511240            4.038124           -0.601941
C                1.759924            2.321877           -0.214216
H                0.675903           -0.858620            0.206421
O               -4.599667           -1.207458           -0.161044
O               -1.665349           -1.234248           -0.143334
H               -5.553031           -1.364349           -0.271261
C                5.936586           -1.298517           -1.255931
H                5.499597           -2.173835           -0.748990
H                6.678512           -1.657518           -1.988418
H                5.131477           -0.794239           -1.818753
C                7.163079            0.868504           -1.002475
H                6.384554            1.384190           -1.590381
H                7.945321            0.548566           -1.710418
H                7.618187            1.595261           -0.308629
C                7.728956           -1.068322            0.486713
H                8.216267           -0.400378            1.213924
H                8.492484           -1.424678           -0.223779
H                7.342239           -1.935415            1.044404
C                6.614743           -0.354408           -0.260342
C                5.568344            0.120543            0.726389
C                4.357887            0.838470            0.208110
H                4.457024            1.894675           -0.067939
C                3.079196            0.168531            0.254739
C                1.813231            0.941721            0.009717
C                0.622597            0.218187            0.028344
H                2.675473            2.919339           -0.228158
O                5.634483           -0.016184            1.924155
O                3.016149           -1.035445            0.482504
Cu              -3.044730           -2.560112           -0.146135