50
 
C               -2.877790            3.222361            1.290716
H               -3.630552            3.039524            2.074708
H               -2.762716            4.313475            1.189209
H               -1.907516            2.830051            1.635883
C               -2.225504            2.867939           -1.116639
H               -1.252110            2.432790           -0.833124
H               -2.064126            3.950363           -1.246279
H               -2.517389            2.456559           -2.096774
C               -4.610959            3.328163           -0.508938
H               -4.973377            2.923557           -1.466759
H               -4.430367            4.405849           -0.641783
H               -5.413158            3.204257            0.234229
C               -3.321889            2.651026           -0.064553
C               -3.553792            1.163750            0.097684
C               -2.377283            0.338892            0.411713
H               -1.515964            0.878555            0.811527
C               -2.212258           -1.104838            0.201160
C               -0.848180           -1.640201            0.118562
C               -0.682786           -3.035609           -0.002363
H               -1.568268           -3.675441           -0.001271
C                0.584709           -3.578467           -0.119306
H                0.711090           -4.660248           -0.204340
C                0.286044           -0.817071            0.112263
H                0.239799            0.272852            0.197487
O               -4.685988            0.683597           -0.036084
O               -3.184750           -1.875092            0.091007
C                5.391072            1.109119            1.602040
H                4.602137            1.864820            1.460196
H                6.144111            1.524849            2.291819
H                4.942783            0.236297            2.106657
C                7.105348           -0.354773            0.499619
H                6.675411           -1.266559            0.947832
H                7.883600            0.010189            1.190275
H                7.600821           -0.634546           -0.444868
C                6.735876            1.976695           -0.317850
H                7.222377            1.742015           -1.276566
H                7.499760            2.362920            0.376214
H                6.003404            2.776815           -0.508556
C                6.063373            0.748011            0.276972
C                5.037599            0.214210           -0.711301
C                4.101353           -0.911997           -0.267498
H                4.430665           -1.438600            0.647343
C                2.710790           -0.383511           -0.033532
C                1.563578           -1.357344           -0.024414
C                1.706473           -2.743103           -0.136227
H                2.700865           -3.188045           -0.235410
O                4.931785            0.614463           -1.842591
O                2.489067            0.790909            0.154401
H                4.083218           -1.656488           -1.081669
Cu              -5.053795           -1.261253            0.003156