50
 
C               -7.537989            0.507019           -1.050276
H               -8.055608            1.165122           -0.332124
H               -8.281780            0.173326           -1.792525
H               -6.783788            1.102951           -1.592185
C               -6.164047           -1.558559           -1.382580
H               -5.386057           -0.972424           -1.902614
H               -6.865496           -1.931186           -2.147450
H               -5.675520           -2.425460           -0.909200
C               -8.003993           -1.536860            0.325597
H               -7.572394           -2.406275            0.845424
H               -8.729321           -1.902343           -0.419487
H               -8.546988           -0.941480            1.076080
C               -6.924594           -0.713806           -0.357523
C               -5.931402           -0.225442            0.677004
C               -4.764467            0.599688            0.224157
H               -4.933385            1.655993           -0.015166
C               -3.441660            0.020140            0.271423
C               -2.230632            0.894494            0.102884
C               -2.273918            2.288232            0.001495
H               -3.228929            2.819322            0.034661
C               -1.098865            3.028025           -0.133162
H               -1.146887            4.116339           -0.215424
C               -0.992181            0.254224            0.071336
H               -0.978187           -0.834805            0.160816
O               -6.010452           -0.435325            1.863429
O               -3.297693           -1.187172            0.433224
C                5.345360            1.868005           -1.198794
H                5.289057            1.298896           -2.141458
H                6.304055            2.411637           -1.185364
H                4.542479            2.619384           -1.211665
C                5.293922            1.770548            1.317142
H                4.490028            2.520109            1.355299
H                6.252210            2.310824            1.385719
H                5.198675            1.129788            2.209399
C                6.463852            0.017021            0.012041
H                6.522022           -0.623909            0.926116
H                7.396154            0.602397            0.046426
H                6.549436           -0.564710           -0.937613
C                5.250722            0.947878            0.023799
C                3.927423            0.177648           -0.029657
C                2.717684            0.890209           -0.036296
H                2.751084            1.977648            0.005110
C                1.467096            0.262841           -0.065295
C                0.195714            0.984839           -0.054703
C                0.129374            2.386227           -0.159979
H                1.036188            2.984973           -0.274095
O                3.925151           -1.102939           -0.061097
O                1.361025           -1.037625           -0.091707
H                2.269213           -1.425962           -0.083804
Cu               5.558452           -2.135514           -0.047839