50
 
C               -5.793052           -1.800067           -1.053383
H               -5.847113           -1.255324           -2.009989
H               -6.715727           -2.395207           -0.957595
H               -4.955088           -2.514014           -1.104865
C               -5.586351           -1.627338            1.451137
H               -4.736884           -2.329747            1.464547
H               -6.500055           -2.227207            1.590785
H               -5.495167           -0.956758            2.321206
C               -6.948220            0.039954            0.181532
H               -6.912732            0.757195            1.016136
H               -7.838303           -0.593553            0.316089
H               -7.073414            0.612877           -0.749718
C               -5.704980           -0.838227            0.141133
C               -4.470792            0.026355           -0.043750
C               -3.170277           -0.645567           -0.016700
C               -1.850798           -0.026325            0.065163
C               -0.657832           -0.885671           -0.010333
C               -0.705175           -2.294599           -0.068347
H               -1.652605           -2.837607           -0.049595
C                0.467444           -3.030892           -0.142992
H                0.423402           -4.121573           -0.182696
C                0.592887           -0.250157           -0.029578
H                0.662560            0.839681            0.018681
O               -4.592412            1.249314           -0.209848
O               -1.698168            1.207635            0.173312
H               -3.205193           -1.735477           -0.051527
C                5.795612            0.906966            1.633625
H                5.138275            1.761428            1.407853
H                6.548563            1.237376            2.368223
H                5.188517            0.128380            2.126486
C                7.357218           -0.828934            0.715084
H                6.768119           -1.651209            1.155601
H                8.126579           -0.548591            1.453657
H                7.875280           -1.214491           -0.178613
C                7.387918            1.495029           -0.201473
H                7.905116            1.152892           -1.110409
H                8.145664            1.799523            0.538506
H                6.793922            2.381453           -0.474637
C                6.503841            0.400020            0.377579
C                5.493648           -0.033332           -0.675250
C                4.355045           -0.969224           -0.266842
H                4.539471           -1.513818            0.677666
C                3.062148           -0.206345           -0.132557
C                1.771812           -0.983130           -0.115343
C                1.701457           -2.381511           -0.172197
H                2.615320           -2.978834           -0.238550
O                5.556285            0.299208           -1.831348
O                3.031144            0.997071           -0.027753
H                4.258076           -1.724710           -1.065294
Cu              -3.104852            2.534464           -0.101238