50
 
C                5.743369           -2.498830           -1.164383
H                5.544512           -3.364063           -0.509767
H                6.484228           -2.811812           -1.918634
H                4.814690           -2.245087           -1.704297
C                6.524245           -0.126119           -1.313756
H                5.607128            0.143228           -1.866587
H                7.292865           -0.392452           -2.058001
H                6.863113            0.768272           -0.767265
C                7.579835           -1.693329            0.341030
H                7.974643           -0.851459            0.931195
H                8.345304           -1.989062           -0.394767
H                7.418745           -2.534242            1.033080
C                6.293829           -1.307701           -0.371096
C                5.243470           -0.930758            0.652575
C                3.925102           -0.389231            0.182812
H                3.141226           -1.100526           -0.102827
C                3.682913            1.030404            0.286968
C                2.296005            1.573639            0.094943
C                2.162095            2.962466           -0.031897
H                3.071984            3.568448            0.001376
C                0.908226            3.544146           -0.189344
H                0.816308            4.627345           -0.298566
C                1.153662            0.779145            0.076755
H                1.225341           -0.304260            0.195107
O                5.361862           -1.064434            1.846741
O                4.609409            1.802647            0.511486
C               -5.298962            1.590342            1.199730
H               -5.144701            1.015772            2.128098
H               -6.316339            2.013619            1.225600
H               -4.592235            2.432994            1.205464
C               -5.310988            1.543843           -1.318252
H               -4.603468            2.384575           -1.362744
H               -6.327651            1.968441           -1.348529
H               -5.168307            0.935236           -2.226499
C               -6.227083           -0.358142           -0.019997
H               -6.224923           -0.997598           -0.936158
H               -7.222282            0.113488           -0.032788
H               -6.230339           -0.949190            0.929303
C               -5.132436            0.709346           -0.044395
C               -3.725970            0.101432           -0.036996
C               -2.611295            0.953938           -0.067484
H               -2.777856            2.029408           -0.088846
C               -1.293091            0.484828           -0.048099
C               -0.120755            1.354938           -0.062774
C               -0.229381            2.748969           -0.202414
H               -1.204813            3.224518           -0.328585
O               -3.569501           -1.169962            0.002560
O               -1.032331           -0.795647           -0.004048
H               -1.889666           -1.287195            0.013689
Cu              -5.076888           -2.379973            0.056706