50
 
C               -4.004125            2.930287            0.236797
H               -3.276426            2.826743            1.058343
H               -4.503176            3.905093            0.361265
H               -3.461406            2.961978           -0.722122
C               -6.032205            2.013103           -0.900017
H               -5.514169            1.958552           -1.871811
H               -6.510256            3.003524           -0.826148
H               -6.820399            1.245363           -0.885744
C               -5.802800            1.853406            1.597339
H               -6.588398            1.083713            1.630197
H               -6.275859            2.838916            1.737157
H               -5.118026            1.683093            2.444540
C               -5.056834            1.833038            0.263676
C               -4.421273            0.433691            0.107407
C               -3.050906            0.215054           -0.097028
H               -2.328413            1.024055           -0.178131
C               -2.748999           -1.157163           -0.236405
C               -1.343911           -1.617798           -0.497949
C               -1.161448           -2.935911           -0.930032
H               -2.047320           -3.561530           -1.067029
C                0.114327           -3.420572           -1.202889
H                0.241511           -4.422819           -1.621726
C               -0.230607           -0.793299           -0.284308
H               -0.359906            0.217083            0.114658
O               -5.215851           -0.530368            0.165572
O               -3.626134           -2.033961           -0.168715
C                5.094954            3.077870           -1.070808
H                5.956131            2.656724           -0.531335
H                5.312317            4.134125           -1.295307
H                4.986403            2.544644           -2.029808
C                2.661305            3.642407           -1.000816
H                2.504210            3.178079           -1.988263
H                2.897100            4.703266           -1.177230
H                1.714542            3.608864           -0.436680
C                4.011225            3.722752            1.101128
H                3.108514            3.664942            1.731620
H                4.217785            4.786684            0.905349
H                4.858462            3.307229            1.665919
C                3.808800            2.996916           -0.235289
C                3.555595            1.542208            0.057805
C                2.434052            0.831906           -0.373473
H                1.678945            1.332442           -0.978834
C                2.267667           -0.530192           -0.072636
C                1.055224           -1.280783           -0.499444
C                1.233650           -2.604982           -0.991924
H                2.213741           -2.908558           -1.399347
O                4.493369            0.967975            0.754004
O                3.119988           -1.209556            0.594593
H                4.267246            0.012507            0.889323
Cu               2.219783           -3.029278            0.823473