50
 
C               -6.491661           -0.455419            1.421105
H               -6.230306           -1.314725            2.060672
H               -7.564989           -0.247900            1.564235
H               -5.936867            0.424801            1.785117
C               -6.554661            0.469764           -0.912109
H               -6.000858            1.370307           -0.599913
H               -7.629392            0.699376           -0.823430
H               -6.340087            0.286125           -1.977985
C               -7.078008           -1.937171           -0.501698
H               -6.903828           -2.184096           -1.560195
H               -8.144935           -1.694280           -0.373499
H               -6.855114           -2.840129            0.087147
C               -6.224589           -0.757608           -0.056761
C               -4.753099           -1.096616           -0.231999
C               -3.745528           -0.106941            0.141076
H               -4.056757            0.856784            0.543762
C               -2.417088           -0.397437           -0.006516
C               -1.325777            0.535257            0.353403
C               -1.562824            1.829086            0.838632
H               -2.585850            2.188742            0.968072
C               -0.506497            2.661283            1.188187
H               -0.709445            3.639671            1.632224
C               -0.000605            0.099865            0.183411
H                0.175670           -0.894308           -0.235380
O               -4.402796           -2.190967           -0.683089
O               -1.988424           -1.548650           -0.479851
H               -2.814278           -2.092736           -0.679193
C                5.944862           -1.983900            1.355857
H                6.654683           -1.164234            1.166358
H                6.525300           -2.893259            1.585294
H                5.342229           -1.733975            2.243882
C                4.095357           -3.396584            0.406586
H                3.545517           -3.267941            1.351770
H                4.673916           -4.331124            0.494676
H                3.373456           -3.533602           -0.414470
C                5.921446           -2.569368           -1.091554
H                5.302217           -2.717271           -1.990766
H                6.483983           -3.499368           -0.913998
H                6.643100           -1.764403           -1.297500
C                5.068883           -2.262781            0.134545
C                4.290171           -0.923373           -0.117448
C                2.984923           -0.707003            0.357684
H                2.428660           -1.479083            0.886933
C                2.473051            0.578891            0.146024
C                1.065947            0.933668            0.495194
C                0.817954            2.232121            1.021330
H                1.635461            2.793415            1.507562
O                4.937855           -0.043501           -0.704497
O                3.152756            1.502358           -0.394245
Cu               1.840684            3.005686           -0.678193