50
 
C                2.222009            2.926467           -1.023904
H                2.492489            2.556023           -2.026309
H                2.068815            4.014919           -1.103159
H                1.249693            2.488157           -0.741540
C                2.919141            3.166037            1.385128
H                1.953780            2.762661            1.731244
H                2.807806            4.261116            1.334874
H                3.685638            2.944887            2.145545
C                4.620903            3.342760           -0.438864
H                5.435581            3.178315            0.282460
H                4.446305            4.426769           -0.517148
H                4.962575            2.981665           -1.421441
C                3.335006            2.654275           -0.002747
C                3.559938            1.159835            0.090360
C                2.382537            0.328594            0.382528
C                2.209521           -1.106771            0.126762
C                0.843626           -1.642745            0.091297
C                0.674348           -3.038310           -0.021844
H                1.559551           -3.677285           -0.061588
C               -0.596714           -3.582954           -0.074652
H               -0.725654           -4.664804           -0.154828
C               -0.290385           -0.820343            0.132252
H               -0.240380            0.270980            0.195997
O                4.688171            0.680754           -0.077050
O                3.176351           -1.872112           -0.049551
H                1.527939            0.856093            0.811762
C               -5.238571            1.312628           -1.544645
H               -4.465733            2.034111           -1.235049
H               -5.923897            1.821333           -2.242656
H               -4.745159            0.505157           -2.112213
C               -7.045930           -0.260861           -0.799735
H               -6.574560           -1.113146           -1.317941
H               -7.757189            0.196039           -1.507742
H               -7.626646           -0.652410            0.051883
C               -6.758607            1.945363            0.335966
H               -7.332723            1.597026            1.207694
H               -7.454732            2.423431           -0.372096
H               -6.048831            2.707903            0.693503
C               -6.031163            0.794581           -0.343945
C               -5.101262            0.130206            0.660157
C               -4.122913           -0.937405            0.165479
H               -4.368760           -1.347844           -0.831380
C               -2.720364           -0.391423            0.118684
C               -1.572648           -1.363649            0.075258
C               -1.719217           -2.750160           -0.021489
H               -2.716890           -3.197215           -0.059626
O               -5.104228            0.381820            1.838188
O               -2.488447            0.795924            0.106044
H               -4.169795           -1.775466            0.881796
Cu               5.047257           -1.265043           -0.135358