50
 
C                2.221498            2.927573           -1.022026
H                2.491186            2.557926           -2.024938
H                2.068484            4.016125           -1.100242
H                1.249274            2.489243           -0.739386
C                2.920334            3.164937            1.386716
H                1.955143            2.761408            1.733131
H                2.809151            4.260081            1.337480
H                3.687330            2.943018            2.146405
C                4.620864            3.342910           -0.438336
H                5.435995            3.177771            0.282317
H                4.446393            4.427007           -0.515657
H                4.961835            2.982529           -1.421419
C                3.335141            2.654301           -0.001902
C                3.559927            1.159767            0.089999
C                2.382563            0.328536            0.382419
H                1.528042            0.856154            0.811674
C                2.209402           -1.106903            0.127057
C                0.843441           -1.642773            0.091957
C                0.674106           -3.038321           -0.021223
H                1.559288           -3.677311           -0.061218
C               -0.596975           -3.582944           -0.073773
H               -0.725936           -4.664788           -0.153989
C               -0.290566           -0.820363            0.133281
H               -0.240575            0.270945            0.197181
O                4.687971            0.680647           -0.078494
O                3.176099           -1.872447           -0.049008
C               -5.236104            1.310663           -1.546352
H               -4.462590            2.031605           -1.237192
H               -5.920457            1.819370           -2.245316
H               -4.743394            0.501969           -2.112791
C               -7.045621           -0.259934           -0.800688
H               -6.574823           -1.113393           -1.317486
H               -7.755867            0.196889           -1.509764
H               -7.627326           -0.649727            0.051055
C               -6.756555            1.947311            0.332589
H               -7.331676            1.600586            1.204289
H               -7.451614            2.425392           -0.376508
H               -6.046152            2.709437            0.689789
C               -6.029922            0.794940           -0.345517
C               -5.101904            0.130275            0.660170
C               -4.123039           -0.937586            0.167178
H               -4.368503           -1.349406           -0.829199
C               -2.720564           -0.391424            0.120412
C               -1.572846           -1.363648            0.076543
C               -1.719464           -2.750146           -0.020297
H               -2.717147           -3.197193           -0.058207
O               -5.107076            0.381733            1.838229
O               -2.488648            0.795927            0.108441
H               -4.169747           -1.774726            0.884608
Cu               5.046711           -1.265201           -0.137145