50
 
C               -4.359837            2.750154            1.563582
H               -5.360069            2.418162            1.248239
H               -4.426185            3.811599            1.851670
H               -4.064589            2.178430            2.459107
C               -1.985576            3.135381            0.899396
H               -1.630793            2.646694            1.821305
H               -2.092412            4.208251            1.125535
H               -1.209665            3.045088            0.121493
C               -3.790259            3.365186           -0.806908
H               -3.082937            3.237793           -1.643293
H               -3.839591            4.440311           -0.571968
H               -4.786975            3.041167           -1.140513
C               -3.332347            2.598451            0.437078
C               -3.291506            1.106832            0.070394
C               -2.133375            0.337743            0.249674
H               -1.262592            0.842034            0.661527
C               -2.008734           -1.046509            0.000644
C               -0.714047           -1.730907            0.224178
C               -0.715801           -3.121355            0.417492
H               -1.666541           -3.658932            0.403725
C                0.474334           -3.802907            0.643349
H                0.461552           -4.882956            0.808035
C                0.504612           -1.039212            0.232082
H                0.519833            0.038127            0.047146
O               -4.401886            0.659898           -0.377626
O               -2.951490           -1.807508           -0.410699
C                5.416092           -0.129637           -1.663685
H                5.627550           -1.086930           -1.163709
H                6.160141            0.004916           -2.466241
H                4.431385           -0.200349           -2.155788
C                5.195306            2.358619           -1.420591
H                4.187592            2.357444           -1.870336
H                5.919730            2.505911           -2.238983
H                5.273791            3.220653           -0.738609
C                6.916951            1.107619           -0.094753
H                7.020348            1.960909            0.591510
H                7.664677            1.209358           -0.897469
H                7.142042            0.190148            0.472322
C                5.520064            1.044193           -0.696972
C                4.495940            0.967878            0.441013
C                3.094731            0.436655            0.157257
H                2.775751            0.610122           -0.885789
C                3.036791           -1.044341            0.468475
C                1.700541           -1.722244            0.447517
C                1.677086           -3.108102            0.660005
H                2.628907           -3.617098            0.835753
O                4.737466            1.369979            1.548775
O                4.038973           -1.670125            0.721175
H                2.399921            0.980378            0.819450
Cu              -4.633834           -1.127592           -0.783534