50
 
C               -5.703087           -2.100207           -0.041112
H               -6.519028           -1.553703           -0.541325
H               -6.161825           -2.909271            0.549195
H               -5.077888           -2.578555           -0.811850
C               -3.754533           -1.968037            1.551465
H               -3.093751           -2.451265            0.813851
H               -4.173069           -2.767049            2.184274
H               -3.140263           -1.322366            2.202078
C               -5.836001           -0.643726            1.987972
H               -5.297549            0.009144            2.691915
H               -6.266908           -1.479943            2.559584
H               -6.664906           -0.062389            1.556155
C               -4.912081           -1.190471            0.908080
C               -4.306580           -0.053267            0.122541
C               -3.340727           -0.368707           -1.011494
H               -3.754260            0.131573           -1.907888
C               -1.948426            0.210267           -0.820388
C               -0.763028           -0.649214           -0.846437
C               -0.806431           -2.031413           -1.114828
H               -1.748849           -2.544161           -1.323366
C                0.366933           -2.770601           -1.138932
H                0.332237           -3.841128           -1.353458
C                0.478768           -0.040686           -0.606890
H                0.542534            1.031150           -0.401355
O               -4.579748            1.114333            0.384929
O               -1.823025            1.430118           -0.660293
H               -3.319325           -1.441763           -1.221674
C                5.407450            0.648846            1.998026
H                4.954251            1.634289            1.804428
H                6.009873            0.717858            2.918787
H                4.591131           -0.069404            2.190923
C                6.831356           -1.209042            1.110888
H                6.018790           -1.935782            1.283503
H                7.454900           -1.195809            2.019972
H                7.458029           -1.573843            0.279959
C                7.445660            1.174809            0.627259
H                8.081926            0.868456           -0.217280
H                8.070667            1.222757            1.533696
H                7.073567            2.188147            0.409253
C                6.297547            0.201610            0.837118
C                5.458424            0.132557           -0.419535
C                4.205414           -0.695207           -0.422102
C                2.933425           -0.019785           -0.364432
C                1.659632           -0.777656           -0.627172
C                1.592146           -2.149264           -0.897693
H                2.502017           -2.754845           -0.926817
O                5.723392            0.674246           -1.465127
O                2.872499            1.177433           -0.100565
H                4.295100           -1.765900           -0.639549
Cu              -3.363708            2.588617           -0.204089