50
 
C               -4.819371            2.846163           -0.614072
H               -4.532556            3.547596            0.187220
H               -5.603509            3.331092           -1.218285
H               -3.949625            2.690131           -1.275492
C               -5.706020            0.576950           -1.190842
H               -4.844265            0.405302           -1.859853
H               -6.513188            1.015040           -1.800479
H               -6.046647           -0.401738           -0.816963
C               -6.569225            1.784392            0.837621
H               -6.952054            0.846641            1.269781
H               -7.375737            2.246858            0.246166
H               -6.322202            2.457003            1.673452
C               -5.358445            1.528549           -0.044511
C               -4.255277            0.909472            0.780640
C               -2.983656            0.468996            0.113721
H               -2.211345            1.220959           -0.088953
C               -2.752195           -0.939725           -0.071764
C               -1.376596           -1.433838           -0.438206
C               -1.278057           -2.742508           -0.922085
H               -2.200958           -3.318474           -1.033021
C               -0.041603           -3.279384           -1.266831
H                0.018504           -4.271372           -1.723455
C               -0.215255           -0.674025           -0.245892
H               -0.271495            0.325677            0.196941
O               -4.276071            0.752654            1.977808
O               -3.663316           -1.752902            0.042115
C                5.294696            2.973992           -1.006458
H                6.138583            2.495373           -0.488179
H                5.553979            4.029713           -1.183709
H                5.165126            2.489209           -1.988245
C                2.885613            3.631538           -0.907481
H                2.704112            3.211968           -1.910729
H                3.167717            4.686778           -1.045133
H                1.940776            3.619858           -0.339278
C                4.237142            3.564852            1.193985
H                3.333090            3.514217            1.823168
H                4.484615            4.627640            1.044931
H                5.068079            3.092262            1.737786
C                4.006441            2.907384           -0.173417
C                3.693188            1.453680            0.060268
C                2.528254            0.815783           -0.371251
H                1.785148            1.377004           -0.936865
C                2.299953           -0.546070           -0.116020
C                1.036095           -1.216632           -0.528834
C                1.125721           -2.528033           -1.074127
H                2.074426           -2.868473           -1.523889
O                4.617093            0.806799            0.708832
O                3.133123           -1.293772            0.500352
H                4.348350           -0.141521            0.812113
Cu               2.139518           -3.066903            0.700740