50
 
C               -3.043556            2.585011            2.152568
H               -3.900342            2.098171            2.646599
H               -3.009029            3.629431            2.502341
H               -2.119401            2.095564            2.498594
C               -1.969399            3.222067           -0.032457
H               -1.020127            2.748226            0.264680
H               -1.912328            4.279158            0.273351
H               -2.041121            3.199133           -1.132436
C               -4.446796            3.362349            0.239710
H               -4.600115            3.374146           -0.850410
H               -4.345261            4.404019            0.581137
H               -5.351480            2.939008            0.701724
C               -3.197672            2.579947            0.625048
C               -3.322773            1.140058            0.157859
C               -2.192570            0.256893            0.401108
H               -1.379806            0.684030            0.991866
C               -1.959711           -1.026776            0.015255
C               -0.708394           -1.739842            0.294111
C               -0.736097           -3.109377            0.607822
H               -1.688369           -3.646713            0.687037
C                0.445099           -3.784180            0.898211
H                0.414688           -4.843529            1.164285
C                0.522156           -1.067930            0.259133
H                0.543677           -0.005331           -0.002635
O               -4.378835            0.783048           -0.396823
O               -2.888400           -1.772982           -0.660862
H               -2.472145           -2.593777           -0.976364
C                6.014123           -0.397172           -1.118916
H                6.332245           -0.949770           -0.220673
H                6.853055           -0.382279           -1.833939
H                5.189318           -0.961039           -1.589137
C                5.091732            1.736392           -2.047406
H                4.253445            1.190730           -2.514213
H                5.902579            1.786455           -2.792668
H                4.766452            2.768903           -1.836120
C                6.768154            1.809470           -0.183101
H                6.477611            2.840095            0.072501
H                7.602750            1.851619           -0.901498
H                7.130626            1.329703            0.739533
C                5.604420            1.037196           -0.782446
C                4.458195            1.005171            0.203374
C                3.236777            0.189484           -0.107556
C                3.049454           -1.069508            0.572460
C                1.705935           -1.743300            0.546228
C                1.656632           -3.103415            0.877815
H                2.596333           -3.605444            1.124694
O                4.412019            1.624143            1.239486
O                3.981017           -1.611268            1.156938
H                2.461293            0.631280           -0.745268
Cu              -4.742938           -0.977261           -1.070200