50
 
C                6.204074           -2.131831            1.311377
H                7.107969           -1.556447            1.061015
H                6.497714           -3.177802            1.498588
H                5.785202           -1.723540            2.246126
C                3.961454           -2.913254            0.539097
H                3.496668           -2.575190            1.479937
H                4.270839           -3.961444            0.683425
H                3.201688           -2.900438           -0.259910
C                5.800979           -2.603080           -1.121513
H                5.088116           -2.539039           -1.960480
H                6.085468           -3.660770           -0.996522
H                6.700768           -2.030980           -1.393212
C                5.182221           -2.081809            0.175425
C                4.817972           -0.600226           -0.049702
C                3.522992           -0.086038            0.082564
H                2.670730           -0.689285            0.386744
C                3.476700            1.306385           -0.163320
C                2.198166            2.078828           -0.061606
C                2.271004            3.477926           -0.015689
H                3.258454            3.945556           -0.055873
C                1.113992            4.244427            0.079193
H                1.182435            5.334040            0.121591
C                0.951467            1.461653           -0.031090
H                0.902052            0.372326           -0.086531
O                5.772502            0.147359           -0.365443
O                4.504041            1.941524           -0.460428
C               -2.605615           -2.284248           -1.541672
H               -3.111583           -1.776234           -2.379316
H               -2.725771           -3.371231           -1.679430
H               -1.531244           -2.060335           -1.613904
C               -2.442169           -2.553612            0.956804
H               -1.364492           -2.335332            0.935261
H               -2.558122           -3.646624            0.874567
H               -2.828713           -2.242659            1.941475
C               -4.650879           -2.314179           -0.141371
H               -5.130425           -2.115145            0.847879
H               -4.716690           -3.408334           -0.248836
H               -5.247814           -1.928606           -1.004063
C               -3.190779           -1.862119           -0.188634
C               -3.046926           -0.343954           -0.036473
C               -1.766185            0.228380           -0.051137
H               -0.904846           -0.425333           -0.174806
C               -1.545819            1.605737            0.072960
C               -0.223920            2.225216            0.052657
C               -0.128218            3.626979            0.115071
H               -1.039789            4.223785            0.184707
O               -4.086343            0.394036            0.099107
O               -2.543517            2.437809            0.212588
H               -3.384898            1.919385            0.208737
Cu              -5.871733           -0.342181            0.124090