50
 
C               -6.648685           -1.037572            1.412407
H               -6.518304           -2.097616            1.149195
H               -7.723179           -0.850928            1.567343
H               -6.132080           -0.847856            2.367877
C               -6.381375            1.340104            0.692231
H               -5.897709            1.604999            1.646858
H               -7.463221            1.498384            0.822125
H               -6.041153            2.043509           -0.085570
C               -6.855569           -0.423115           -1.013364
H               -6.488561            0.214277           -1.834878
H               -7.932110           -0.225957           -0.889029
H               -6.730904           -1.475950           -1.306156
C               -6.131779           -0.111060            0.303292
C               -4.668601           -0.407250            0.105164
C               -3.643377            0.522349            0.269872
H               -3.881950            1.539264            0.580594
C               -2.294787            0.182395            0.061466
C               -1.203429            1.186149            0.144968
C               -1.225585            2.441850           -0.468870
H               -2.169034            2.861890           -0.830931
C               -0.024268            3.115184           -0.705099
H               -0.043459            4.093255           -1.192236
C                0.021953            0.679852            0.582533
H                0.039522           -0.202256            1.240739
O               -4.415711           -1.638063           -0.238930
O               -1.919906           -0.998547           -0.268091
H               -3.435191           -1.751189           -0.337799
C                6.953040           -0.858670           -0.811763
H                6.722885           -1.933799           -0.859945
H                8.031823           -0.744941           -0.620943
H                6.736731           -0.414738           -1.796857
C                6.525212            1.311410            0.357230
H                6.247806            1.841941           -0.567946
H                7.617864            1.402140            0.472864
H                6.066064            1.824011            1.216950
C                6.430422           -0.839168            1.648830
H                5.850225           -0.367323            2.458338
H                7.500421           -0.738193            1.895845
H                6.185652           -1.911824            1.617608
C                6.172766           -0.165348            0.300630
C                4.645775           -0.357819            0.029576
C                3.696880            0.650327            0.276379
H                3.980313            1.641112            0.628629
C                2.360577            0.277703            0.091366
C                1.229522            1.243117            0.162239
C                1.203407            2.495940           -0.455398
H                2.131635            2.956891           -0.806730
O                4.313547           -1.492591           -0.351974
O                2.031000           -0.907230           -0.235435
Cu               0.079375           -1.280894           -0.540780