50
 
C                4.750894           -2.180755            1.962570
H                5.414838           -1.526924            2.551942
H                4.894326           -3.213370            2.322318
H                3.708781           -1.895802            2.182077
C                4.121212           -2.995718           -0.326207
H                3.063293           -2.738215           -0.152698
H                4.257106           -4.047974           -0.025353
H                4.317449           -2.930519           -1.409464
C                6.514553           -2.572937            0.239958
H                6.788600           -2.523123           -0.825128
H                6.628217           -3.615017            0.579745
H                7.232688           -1.947536            0.791738
C                5.082905           -2.108465            0.468885
C                4.933263           -0.665564            0.005479
C                3.632610           -0.019702            0.104609
H                2.784465           -0.559130            0.527750
C                3.481687            1.287850           -0.289812
C                2.205965            2.024420           -0.194976
C                2.227518            3.429226           -0.252831
H                3.191522            3.930546           -0.365462
C                1.052886            4.165548           -0.160743
H                1.088563            5.257023           -0.194933
C                0.977603            1.369561           -0.070799
H                0.936135            0.277617           -0.042814
O                5.902443           -0.044802           -0.443084
O                4.476113            2.002393           -0.760931
H                5.283996            1.400776           -0.758066
C               -3.470749           -1.494764           -2.412683
H               -4.154220           -0.692515           -2.736960
H               -3.789404           -2.431720           -2.898615
H               -2.464979           -1.251751           -2.786505
C               -2.492008           -2.749393           -0.462296
H               -1.471080           -2.525806           -0.805304
H               -2.781030           -3.718683           -0.900381
H               -2.462996           -2.865908            0.633647
C               -4.888851           -2.100988           -0.463362
H               -4.964538           -2.269573            0.635473
H               -5.144134           -3.074601           -0.910978
H               -5.679859           -1.412882           -0.847445
C               -3.486298           -1.667202           -0.889968
C               -3.090701           -0.326402           -0.254078
C               -1.803814            0.195948           -0.456436
H               -1.062588           -0.278271           -1.099967
C               -1.513549            1.427479            0.146412
C               -0.201136            2.112614           -0.001308
C               -0.168307            3.516105           -0.019228
H               -1.100105            4.082015            0.053177
O               -3.920490            0.330781            0.439495
O               -2.332928            2.056151            0.865959
Cu              -5.679664           -0.278138            0.883848