50
 
C                2.534377           -2.466782            0.054591
H                2.090465           -2.173470            1.030736
H                2.533669           -3.569616            0.057753
H                1.866584           -2.206679           -0.800614
C                4.443395           -2.166732           -1.551591
H                3.800401           -1.685803           -2.308122
H                4.451818           -3.248941           -1.761353
H                5.470149           -1.791626           -1.686755
C                4.891188           -2.604798            0.873139
H                5.912630           -2.206734            0.790577
H                4.923137           -3.687724            0.674852
H                4.561261           -2.451338            1.913076
C                3.959629           -1.919300           -0.118126
C                3.977976           -0.413257            0.122738
C                2.874344            0.377306           -0.419856
H                2.494356            0.138749           -1.426360
C                2.714753            1.731260            0.011278
C                1.397685            2.334493           -0.167014
C                1.003035            3.681339           -0.174515
H                1.743841            4.486432           -0.160638
C               -0.362861            3.968387           -0.198037
H               -0.687478            5.011519           -0.220438
C                0.419284            1.354465           -0.154142
O                4.851105            0.123919            0.800928
O                3.613941            2.348265            0.691924
H                4.380377            1.703646            0.836773
C               -5.880063           -1.405431            1.399828
H               -5.493870           -2.430229            1.502667
H               -6.980306           -1.447652            1.432882
H               -5.538886           -0.814234            2.265819
C               -6.044926            0.628366           -0.041053
H               -5.756164            1.280183            0.799922
H               -7.142917            0.547866           -0.025987
H               -5.768471            1.123441           -0.986571
C               -5.907988           -1.629540           -1.100886
H               -5.589769           -1.200941           -2.065718
H               -7.008466           -1.677266           -1.099876
H               -5.519541           -2.656180           -1.029929
C               -5.439889           -0.764332            0.076737
C               -3.933822           -0.739177            0.059635
C               -3.163100            0.415979           -0.035553
H               -3.661397            1.381823           -0.105889
C               -1.756241            0.379190           -0.042965
C               -0.940952            1.612387           -0.133712
C               -1.334373            2.957450           -0.173347
H               -2.392692            3.238367           -0.172523
O               -3.380955           -1.917011            0.145955
O               -1.106250           -0.726453            0.033310
H               -2.395415           -1.806684            0.129323
Cu               0.937078           -0.499114           -0.023566