50
 
C                5.299404            1.035029           -1.311002
H                5.153916            0.408717           -2.206499
H                6.346169            1.379823           -1.314014
H                4.661349            1.927842           -1.406248
C                5.210392            1.149800            1.201005
H                4.575274            2.049285            1.165538
H                6.256422            1.493035            1.250680
H                4.994178            0.609971            2.137699
C                6.029910           -0.914115            0.064819
H                5.874756           -1.514433            0.974439
H                7.056251           -0.516204            0.089387
H                5.945941           -1.588943           -0.800465
C                5.040922            0.241542           -0.023223
C                3.618192           -0.294779           -0.060266
C                2.538678            0.676314           -0.102536
H                2.847704            1.722475           -0.153095
C                1.184573            0.518422           -0.078443
C                0.240539            1.640053           -0.011007
C                0.482319            2.807015            0.728194
H                1.453084            2.959727            1.209687
C               -0.533589            3.744355            0.903771
H               -0.335828            4.652698            1.477975
C               -1.019028            1.457781           -0.583842
H               -1.205820            0.603669           -1.235058
O                3.451117           -1.529894           -0.057523
O                0.573854           -0.697119           -0.087274
H               -0.410811           -0.649994            0.058802
C               -5.478292           -0.923165            1.128599
H               -5.027591           -0.523008            2.052047
H               -6.280360           -1.619289            1.423830
H               -5.952146           -0.086243            0.589037
C               -5.100798           -2.236460           -0.984514
H               -5.643510           -1.477462           -1.569327
H               -5.837852           -3.001305           -0.690677
H               -4.363771           -2.723810           -1.644308
C               -3.839466           -2.811222            1.089513
H               -3.103889           -3.380736            0.499909
H               -4.635971           -3.504835            1.401447
H               -3.334651           -2.442565            1.996082
C               -4.442510           -1.671434            0.280620
C               -3.345345           -0.688089           -0.114933
C               -3.813716            0.515642           -0.840876
H               -4.762580            0.411572           -1.380446
C               -3.445522            1.943995           -0.693316
C               -2.065467            2.322798           -0.304251
C               -1.814818            3.495270            0.416358
H               -2.642836            4.183115            0.611069
O               -2.171402           -0.906461            0.174208
O               -4.339889            2.761635           -0.805784
Cu               1.716719           -2.360376           -0.088087