50
 
C               -7.750433           -0.556684            1.473672
H               -7.651628           -1.615785            1.754071
H               -8.823413           -0.307561            1.437615
H               -7.286337            0.055491            2.265076
C               -7.312075            1.190547           -0.251066
H               -6.871305            1.865424            0.501400
H               -8.390467            1.411102           -0.295903
H               -6.886917            1.436571           -1.238301
C               -7.767564           -1.156707           -0.960386
H               -7.317142           -0.982623           -1.951987
H               -8.841147           -0.917142           -1.028833
H               -7.667254           -2.225161           -0.718509
C               -7.111799           -0.275474            0.108822
C               -5.651738           -0.654500            0.191702
C               -4.597030            0.210900           -0.030236
H               -4.811319            1.245138           -0.290313
C               -3.249601           -0.260471            0.070549
C               -2.103466            0.679860           -0.174229
C               -2.247191            2.048858           -0.417335
H               -3.240440            2.503375           -0.440289
C               -1.130792            2.858596           -0.630986
H               -1.261298            3.926414           -0.822864
C               -0.820295            0.131193           -0.148329
H               -0.724705           -0.939492            0.052794
O               -5.451633           -1.910006            0.500332
O               -2.969503           -1.437832            0.352928
H               -4.461381           -2.058149            0.525158
C                5.580566            2.180183           -0.345033
H                5.639644            1.919690           -1.414595
H                6.537165            2.643720           -0.053448
H                4.796446            2.942367           -0.226098
C                5.187258            1.348245            1.998099
H                4.397494            2.098612            2.151565
H                6.136056            1.786577            2.348927
H                4.955576            0.479269            2.636083
C                6.491111           -0.015408            0.378226
H                6.414921           -0.885131            1.075487
H                7.431582            0.476684            0.672809
H                6.657512           -0.324316           -0.679612
C                5.313155            0.948880            0.524151
C                3.993692            0.297959            0.089455
C                2.802561            1.034257            0.079906
H                2.730591            2.071209            0.406750
C                1.650287            0.334205           -0.306865
C                0.299258            0.943980           -0.346331
C                0.145693            2.314566           -0.601454
H                1.016049            2.947913           -0.792602
O                3.956681           -0.924126           -0.247887
O                1.695650           -0.881130           -0.651222
Cu               5.494572           -2.067151           -0.335227