50
 
C               -4.743569            1.833909            1.706074
H               -5.217558            1.106168            2.385362
H               -5.129085            2.833599            1.966767
H               -3.659774            1.835279            1.908401
C               -4.370966            2.528346           -0.677232
H               -3.279645            2.557434           -0.522968
H               -4.757281            3.541755           -0.478028
H               -4.561569            2.302119           -1.739525
C               -6.578346            1.601433            0.028988
H               -6.849461            1.374346           -1.013555
H               -6.938144            2.615040            0.268092
H               -7.112083            0.883405            0.669940
C               -5.072841            1.524941            0.242165
C               -4.581659            0.121231           -0.080509
C               -3.157761           -0.175382            0.021157
H               -2.462552            0.597368            0.350949
C               -2.702904           -1.436807           -0.257108
C               -1.280431           -1.835713           -0.166344
C               -0.966738           -3.201923           -0.160113
H               -1.781036           -3.928245           -0.224771
C                0.359322           -3.640261           -0.073996
H                0.574554           -4.713252           -0.077238
C               -0.247872           -0.894188           -0.108226
H               -0.488496            0.171985           -0.145236
O               -5.374346           -0.763328           -0.417638
O               -3.499554           -2.419520           -0.610099
H               -4.432108           -2.034353           -0.622018
C                3.954836            3.776684           -1.378427
H                5.009463            3.473517           -1.303871
H                3.918448            4.873901           -1.467077
H                3.531193            3.349580           -2.302430
C                1.716912            3.843486           -0.269024
H                1.223973            3.466694           -1.180435
H                1.720940            4.942303           -0.335667
H                1.103989            3.575000            0.607330
C                3.789790            3.936843            1.123540
H                3.244023            3.628853            2.030726
H                3.753689            5.036084            1.065635
H                4.841741            3.633289            1.228066
C                3.151468            3.347480           -0.142201
C                3.236625            1.847442           -0.042425
C                2.133560            0.993861           -0.074461
H                1.143673            1.432394           -0.183099
C                2.247761           -0.401259            0.019244
C                1.085741           -1.302257           -0.022166
C                1.346704           -2.685771            0.022290
O                4.451571            1.393961            0.077422
O                3.407278           -0.962709            0.139200
H                4.431435            0.408622            0.132823
Cu               3.254285           -2.884231            0.248393