50
 
C                6.824901           -1.922098            1.256354
H                7.628588           -1.170529            1.267406
H                7.284135           -2.923744            1.290125
H                6.221988           -1.793559            2.170652
C                4.885079           -2.868941           -0.000258
H                4.245703           -2.812232            0.895939
H                5.366136           -3.860813            0.000074
H                4.246466           -2.812385           -0.897011
C                6.827138           -1.923542           -1.254458
H                6.225869           -1.796165           -2.169999
H                7.286520           -2.925180           -1.286204
H                7.630774           -1.171917           -1.265023
C                5.963164           -1.796024            0.000084
C                5.355837           -0.377845           -0.000936
C                3.981064           -0.119720           -0.000049
H                3.229492           -0.905273            0.001086
C                3.700672            1.266527           -0.000651
C                2.294080            1.783595            0.000154
C                2.103174            3.171387            0.000767
H                2.987753            3.813934            0.000641
C                0.820254            3.711501            0.001530
H                0.683654            4.795463            0.002102
C                1.182119            0.946072            0.000227
H                1.305317           -0.138231           -0.000330
O                6.184486            0.562603           -0.002284
O                4.616455            2.108366           -0.001838
C               -5.306079            1.492398            1.257810
H               -5.136118            0.907146            2.176685
H               -6.338336            1.877872            1.284892
H               -4.630928            2.360145            1.283111
C               -5.304882            1.491335           -1.260399
H               -4.629660            2.359026           -1.285807
H               -6.337099            1.876823           -1.288775
H               -5.134084            0.905288           -2.178612
C               -6.153648           -0.467292           -0.000861
H               -6.130556           -1.082676           -0.933663
H               -7.165938           -0.033328           -0.001436
H               -6.131301           -1.082012            0.932392
C               -5.100174            0.641044           -0.000834
C               -3.671322            0.087105            0.000025
C               -2.590668            0.981558            0.000191
H               -2.798793            2.049784           -0.000319
C               -1.254372            0.563604            0.000770
C               -0.117517            1.478935            0.000869
C               -0.285853            2.875137            0.001564
H               -1.283502            3.319975            0.002245
O               -3.466562           -1.178645            0.000436
O               -0.945666           -0.706787            0.001129
H               -1.783987           -1.230298            0.000892
Cu              -4.926538           -2.444822            0.000275