50
 
C               -1.471777            1.886505            1.672324
H               -1.932686            1.127122            2.326829
H               -1.101617            2.696211            2.321235
H               -0.590903            1.440713            1.183602
C               -1.785236            3.450779           -0.277814
H               -0.934481            3.002616           -0.815559
H               -1.385654            4.291856            0.310712
H               -2.488083            3.868391           -1.016952
C               -3.594232            3.196679            1.431307
H               -4.347962            3.610546            0.744294
H               -3.163782            4.029275            2.008353
H               -4.111173            2.526150            2.134951
C               -2.484107            2.474936            0.678876
C               -3.062270            1.333169           -0.119308
C               -2.128316            0.451452           -0.941191
H               -1.115373            0.863150           -0.952984
C               -2.156504           -1.014013           -0.541020
C               -0.949792           -1.690962           -0.069306
C               -1.082409           -3.010889            0.405609
H               -2.066016           -3.485182            0.375111
C                0.014680           -3.684710            0.920426
H               -0.098127           -4.702907            1.300245
C                0.319582           -1.085090           -0.053389
H                0.461601           -0.066226           -0.424867
O               -4.269137            1.108761           -0.124309
O               -3.226286           -1.633955           -0.617138
H               -2.513395            0.493038           -1.977615
C                6.063163           -0.720273           -0.554987
H                6.180783           -1.044448            0.491096
H                7.035015           -0.827706           -1.064068
H                5.354679           -1.410652           -1.045529
C                5.374230            1.111313           -2.115570
H                4.658823            0.435852           -2.615587
H                6.328724            1.035057           -2.661820
H                5.012270            2.148235           -2.217772
C                6.607591            1.670671           -0.004165
H                6.274479            2.718686           -0.056963
H                7.578308            1.588633           -0.519227
H                6.759161            1.424620            1.058507
C                5.597639            0.733766           -0.646037
C                4.266318            0.866331            0.057005
C                3.135444           -0.045771           -0.317739
C                2.774021           -1.119805            0.579908
C                1.422077           -1.760233            0.459811
C                1.256536           -3.055796            0.966380
H                2.129658           -3.552908            1.399459
O                4.000525            1.689860            0.900984
O                3.560675           -1.525617            1.426602
H                2.534610            0.195402           -1.203946
Cu              -4.954652           -0.670561           -0.722666