50
 
C               -2.877182            3.223581            1.288203
H               -3.628609            3.041554            2.073661
H               -2.762222            4.314582            1.185371
H               -1.906358            2.831540            1.632129
C               -2.229265            2.867150           -1.120023
H               -1.255019            2.433201           -0.837591
H               -2.068975            3.949527           -1.251438
H               -2.522526            2.454249           -2.099109
C               -4.613802            3.326913           -0.508280
H               -4.977680            2.921370           -1.465156
H               -4.434004            4.404589           -0.642284
H               -5.414609            3.203159            0.236404
C               -3.323597            2.650787           -0.065674
C               -3.554583            1.163597            0.098563
C               -2.377026            0.339430            0.410418
C               -2.211899           -1.104214            0.199645
C               -0.847783           -1.639553            0.117190
C               -0.682482           -3.034917           -0.004514
H               -1.568029           -3.674655           -0.004149
C                0.584974           -3.577863           -0.121349
H                0.711229           -4.659608           -0.207031
C                0.286561           -0.816576            0.111822
H                0.240540            0.273298            0.197776
O               -4.686912            0.682858           -0.031870
O               -3.184301           -1.874541            0.089170
H               -1.515256            0.879532            0.808641
C                5.392691            1.109555            1.602377
H                4.604003            1.865499            1.460445
H                6.145998            1.525223            2.291905
H                4.944175            0.237045            2.107325
C                7.106084           -0.355423            0.499972
H                6.675802           -1.266893            0.948491
H                7.884658            0.009313            1.190385
H                7.601258           -0.635683           -0.444530
C                6.737654            1.976058           -0.317884
H                7.223820            1.740975           -1.276678
H                7.501908            2.361981            0.375940
H                6.005567            2.776531           -0.508563
C                6.064644            0.747820            0.277274
C                5.038201            0.214590           -0.710605
C                4.102024           -0.911652           -0.266706
H                4.431241           -1.438036            0.648300
C                2.711409           -0.383231           -0.032866
C                1.564087           -1.356938           -0.024727
C                1.706858           -2.742632           -0.137365
H                2.701228           -3.187626           -0.236506
O                4.931551            0.615517           -1.841575
O                2.489773            0.791071            0.155907
H                4.084137           -1.656319           -1.080711
Cu              -5.054089           -1.262155            0.005210