50
 
C               -3.228734            2.881148            1.747210
H               -3.945609            2.432433            2.454399
H               -3.256044            3.972708            1.895737
H               -2.215974            2.542596            2.017192
C               -2.558556            3.164759           -0.662634
H               -1.532491            2.823012           -0.452335
H               -2.563341            4.261834           -0.559136
H               -2.792337            2.930456           -1.714176
C               -4.971020            3.169676           -0.016669
H               -5.279996            2.967642           -1.053692
H               -4.930944            4.261340            0.119937
H               -5.750413            2.770705            0.650336
C               -3.604242            2.571618            0.291470
C               -3.643347            1.064898            0.106371
C               -2.407528            0.332041            0.335916
H               -1.574144            0.924687            0.717586
C               -2.086503           -0.972974            0.130172
C               -0.733343           -1.509427            0.321571
C               -0.547603           -2.818952            0.801945
H               -1.402532           -3.435133            1.103737
C                0.735937           -3.326223            0.957938
H                0.877743           -4.338027            1.345052
C                0.384947           -0.731610            0.010375
H                0.287438            0.281113           -0.393646
O               -4.717904            0.531979           -0.228327
O               -3.005377           -1.905100           -0.275505
H               -2.543489           -2.722127           -0.531123
C                5.395810            1.815086            0.942976
H                4.847144            2.523702            0.301947
H                6.070871            2.391741            1.596738
H                4.662719            1.303565            1.591203
C                6.920313           -0.167527            1.041548
H                6.215865           -0.680415            1.718718
H                7.641737            0.374413            1.674800
H                7.481213           -0.929768            0.474887
C                7.221528            1.551637           -0.761063
H                7.804984            0.846642           -1.373518
H                7.920753            2.125570           -0.131624
H                6.721523            2.250211           -1.449744
C                6.213113            0.822929            0.111374
C                5.252945            0.048846           -0.765098
C                4.170841           -0.765145           -0.118618
H                4.435545           -1.747354            0.289672
C                2.803761           -0.320534           -0.230453
C                1.676121           -1.237760            0.161798
C                1.842661           -2.542805            0.635586
H                2.842253           -2.967638            0.757798
O                5.288455            0.009066           -1.971185
O                2.542093            0.807834           -0.636309
Cu              -4.962180           -1.341112           -0.565877