50
 
C                5.595366            1.260849           -0.664764
H                5.571666            0.797566           -1.664711
H                6.621315            1.624532           -0.493646
H                4.939864            2.146854           -0.677852
C                5.233330            0.939780            1.807006
H                4.565527            1.815062            1.857766
H                6.252755            1.299807            2.021440
H                4.951998            0.238957            2.609794
C                6.244373           -0.887927            0.434372
H                6.025368           -1.625342            1.221253
H                7.252316           -0.483633            0.614270
H                6.258753           -1.418839           -0.530225
C                5.235510            0.252512            0.432923
C                3.840316           -0.295517            0.190374
C                2.753115            0.671530            0.040398
H                2.996092            1.702063            0.305178
C                1.395383            0.401734           -0.419681
C                0.379586            1.453536           -0.277575
C                0.667780            2.781724            0.094121
H                1.693822            3.117036            0.262796
C               -0.358149            3.706314            0.238068
H               -0.127653            4.736365            0.519442
C               -0.957929            1.080177           -0.511116
H               -1.174303            0.039102           -0.763270
O                3.660413           -1.522021            0.134828
O                1.058163           -0.706405           -0.887322
C               -5.748632           -0.127916            1.196418
H               -5.136871            0.338023            1.987645
H               -6.682346           -0.480921            1.664012
H               -6.014542            0.657868            0.471900
C               -5.901471           -1.939138           -0.536129
H               -6.217251           -1.211014           -1.300278
H               -6.818134           -2.343733           -0.076740
H               -5.386954           -2.773876           -1.040871
C               -4.710024           -2.366102            1.614420
H               -4.193250           -3.234952            1.178199
H               -5.643561           -2.718447            2.081355
H               -4.062629           -1.957259            2.406017
C               -5.025826           -1.316811            0.557824
C               -3.729096           -0.832309           -0.072875
C               -3.812730            0.300234           -1.102711
H               -4.828927            0.406717           -1.504945
C               -3.436262            1.660072           -0.544422
C               -1.985918            1.999621           -0.349660
C               -1.677422            3.316434            0.031515
H               -2.505423            4.019968            0.159733
O               -2.650091           -1.307651            0.203350
O               -4.283815            2.475625           -0.268476
H               -3.132477            0.030390           -1.926724
Cu               2.017575           -2.365223           -0.544538