50
 
C                1.428742            2.288404           -0.970585
H                1.569192            1.609418           -1.829297
H                1.059943            3.246200           -1.370930
H                0.628108            1.887335           -0.328925
C                2.479366            3.350255            1.058364
H                1.756442            2.866280            1.734173
H                2.052872            4.326245            0.777047
H                3.410127            3.543511            1.616184
C                3.710546            3.313170           -1.120208
H                4.673241            3.496365           -0.619441
H                3.271203            4.287737           -1.382323
H                3.914687            2.768818           -2.055295
C                2.745543            2.547951           -0.223860
C                3.349333            1.220346            0.161103
C                2.546537            0.263601            1.034595
H                1.606430            0.719953            1.356702
C                2.344183           -1.116333            0.434077
C                0.999046           -1.622169            0.161214
C                0.863267           -2.925095           -0.361842
H                1.759460           -3.527015           -0.529234
C               -0.393866           -3.426110           -0.655037
H               -0.499182           -4.435667           -1.059099
C               -0.150522           -0.854058            0.376711
H               -0.123107            0.157665            0.787393
O                4.483717            0.912839           -0.195257
O                3.333568           -1.817618            0.182401
H                3.160020            0.109035            1.942835
C               -5.125616            1.454694           -1.291527
H               -4.611103            2.271011           -0.759493
H               -5.778142            1.900487           -2.060303
H               -4.361297            0.852267           -1.813351
C               -6.628120           -0.538721           -1.111870
H               -5.891955           -1.149019           -1.662869
H               -7.326480           -0.122596           -1.856364
H               -7.206258           -1.201830           -0.446619
C               -7.016003            1.455231            0.361943
H               -7.618266            0.854624            1.061259
H               -7.693905            1.905490           -0.381163
H               -6.549513            2.266396            0.942214
C               -5.967629            0.605127           -0.336102
C               -5.038160            0.002173            0.693905
C               -3.921803           -0.889940            0.234937
H               -4.151624           -1.942441            0.030517
C               -2.566243           -0.405193            0.303869
C               -1.417670           -1.346467            0.071477
C               -1.530674           -2.642113           -0.440083
H               -2.511945           -3.055625           -0.689979
O               -5.122182            0.160717            1.887518
O               -2.328163            0.774493            0.552334
Cu               5.112551           -0.975400           -0.038141