50
 
C               -6.588292           -2.143876            0.764888
H               -6.317028           -3.060489            0.219749
H               -7.678510           -2.145168            0.926370
H               -6.100117           -2.172160            1.753044
C               -6.615750            0.355200            0.745219
H               -6.175626            0.394068            1.754953
H               -7.711179            0.343349            0.866018
H               -6.356266            1.280255            0.205099
C               -6.832590           -0.900136           -1.405495
H               -6.522105           -0.023010           -1.997052
H               -7.929473           -0.867666           -1.302901
H               -6.563238           -1.807673           -1.966530
C               -6.193643           -0.891124           -0.016870
C               -4.661485           -0.938936           -0.219557
C               -3.782621            0.056165            0.229809
H               -4.117061            0.932494            0.779884
C               -2.438358           -0.239580           -0.084344
C               -1.324981            0.681192            0.327349
C               -1.541003            1.966624            0.831962
H               -2.557852            2.347813            0.949509
C               -0.463977            2.767645            1.205781
H               -0.644009            3.741674            1.669125
C               -0.013947            0.212741            0.156364
H                0.125389           -0.778538           -0.286433
O               -4.229999           -1.942772           -0.829205
O               -2.117155           -1.272679           -0.695627
C                6.077560           -2.292436            1.022396
H                6.826426           -1.646161            0.541461
H                6.523286           -3.289829            1.162607
H                5.849134           -1.882282            2.020039
C                3.830448           -3.373283            0.848619
H                3.555337           -3.031871            1.860133
H                4.302199           -4.362040            0.957713
H                2.910076           -3.516516            0.258975
C                5.173501           -2.971428           -1.220593
H                4.282639           -3.059845           -1.864215
H                5.609219           -3.976814           -1.108926
H                5.910508           -2.332046           -1.728431
C                4.809668           -2.426119            0.167711
C                4.235281           -1.047879           -0.022265
C                2.949334           -0.667356            0.365258
H                2.300843           -1.387604            0.862892
C                2.466752            0.630178            0.133509
C                1.072353            1.013014            0.488029
C                0.848098            2.305903            1.041830
H                1.677026            2.844283            1.534111
O                5.045884           -0.205814           -0.595313
O                3.164026            1.552097           -0.413693
H                4.600332            0.674764           -0.683199
Cu               1.836549            3.074321           -0.664514