50
 
C               -7.354584            0.824180            1.086705
H               -7.155546            0.498190            2.121191
H               -8.411348            1.134640            1.031887
H               -6.739105            1.715829            0.884652
C               -7.342263            0.188378           -1.341033
H               -6.725332            1.065064           -1.596964
H               -8.398396            0.484647           -1.454946
H               -7.135739           -0.603009           -2.080670
C               -8.036058           -1.472589            0.387615
H               -7.873136           -2.309176           -0.309078
H               -9.083746           -1.143371            0.296084
H               -7.881870           -1.860065            1.406446
C               -7.101758           -0.308524            0.087541
C               -5.655232           -0.767311            0.213811
C               -4.585423            0.188995           -0.024550
H               -4.825608            1.216059           -0.299314
C               -3.278516           -0.205659            0.084067
C               -2.122440            0.690000           -0.143153
C               -2.259906            2.063371           -0.382017
H               -3.252697            2.519397           -0.398950
C               -1.144562            2.868892           -0.594589
H               -1.274562            3.937334           -0.782814
C               -0.838001            0.140313           -0.117077
H               -0.723574           -0.928176            0.078197
O               -5.391166           -1.937664            0.513683
O               -2.937583           -1.437523            0.396891
H               -3.802908           -1.941999            0.519085
C                5.565214            2.166433           -0.404905
H                5.603133            1.889499           -1.471276
H                6.529216            2.629595           -0.138221
H                4.787097            2.934275           -0.283063
C                5.211604            1.372178            1.957683
H                4.428018            2.128362            2.114265
H                6.168617            1.811721            2.283807
H                4.988547            0.514085            2.613208
C                6.479157           -0.022312            0.335018
H                6.412042           -0.880961            1.046723
H                7.427122            0.469629            0.604799
H                6.625266           -0.347239           -0.721179
C                5.308504            0.949900            0.487861
C                3.978164            0.298309            0.088975
C                2.790829            1.040357            0.084205
H                2.728788            2.082347            0.396349
C                1.631347            0.339381           -0.280106
C                0.283010            0.954430           -0.314370
C                0.133567            2.323776           -0.565585
H                1.004067            2.957137           -0.754738
O                3.929319           -0.929952           -0.224266
O                1.671410           -0.882415           -0.603255
Cu               5.463099           -2.078220           -0.332638