50
 
C               -6.427598           -0.833296            1.652543
H               -6.181571           -1.905790            1.625798
H               -7.497384           -0.732523            1.900606
H               -5.846807           -0.357015            2.459018
C               -6.526198            1.311455            0.351355
H               -6.067226            1.828060            1.208766
H               -7.618882            1.401966            0.466874
H               -6.249324            1.838289           -0.576102
C               -6.954489           -0.864229           -0.806961
H               -6.740429           -0.424457           -1.794399
H               -8.033010           -0.750705           -0.614606
H               -6.723426           -1.939343           -0.850869
C               -6.172795           -0.165307            0.300875
C               -4.645952           -0.357736            0.028812
C               -3.696950            0.650278            0.275690
H               -3.980333            1.641091            0.627924
C               -2.360624            0.277527            0.090931
C               -1.229569            1.242941            0.161893
C               -1.203397            2.495809           -0.455639
H               -2.131592            2.956798           -0.807009
C                0.024299            3.115073           -0.705201
H                0.043518            4.093184           -1.192255
C               -0.022005            0.679645            0.582236
H               -0.039614           -0.202366            1.240587
O               -4.313937           -1.492541           -0.352793
O               -2.031055           -0.907435           -0.235725
C                6.855882           -0.422930           -1.012971
H                6.731312           -1.475745           -1.305872
H                7.932389           -0.225748           -0.888390
H                6.489033            0.214509           -1.834520
C                6.381223            1.340163            0.692627
H                6.041022            2.043595           -0.085159
H                7.463040            1.498528            0.822660
H                5.897428            1.604942            1.647221
C                6.648520           -1.037545            1.412720
H                6.131685           -0.847933            2.368087
H                7.722966           -0.850834            1.567911
H                6.518273           -2.097579            1.149401
C                6.131799           -0.110993            0.303546
C                4.668674           -0.407261            0.105156
C                3.643367            0.522249            0.269887
H                3.881863            1.539146            0.580726
C                2.294801            0.182248            0.061372
C                1.203417            1.185978            0.144796
C                1.225601            2.441725           -0.468945
H                2.169072            2.861801           -0.830909
O                4.415957           -1.637998           -0.239335
O                1.919965           -0.998719           -0.268148
H                3.435469           -1.751180           -0.338484
Cu              -0.079412           -1.280755           -0.540943