50
 
C                5.299506            1.034218           -1.311008
H                5.154647            0.406980           -2.205959
H                6.346114            1.379496           -1.313939
H                4.661031            1.926620           -1.407307
C                5.209714            1.151183            1.200872
H                4.574475            2.050539            1.164357
H                6.255657            1.494663            1.250627
H                4.993251            0.612187            2.137987
C                6.030221           -0.913477            0.066777
H                5.874842           -1.513165            0.976779
H                7.056417           -0.515204            0.091527
H                5.946876           -1.588978           -0.798034
C                5.040888            0.241796           -0.022569
C                3.618367           -0.295035           -0.060030
C                2.538530            0.675720           -0.102397
H                2.847377            1.721934           -0.152937
C                1.184410            0.517773           -0.078391
C                0.240479            1.639533           -0.011111
C                0.482314            2.806537            0.728014
H                1.453032            2.959169            1.209631
C               -0.533478            3.744041            0.903375
H               -0.335634            4.652425            1.477483
C               -1.019047            1.457368           -0.584044
H               -1.205899            0.603254           -1.235243
O                3.451803           -1.530242           -0.057840
O                0.573554           -0.697677           -0.087114
H               -0.411204           -0.650556            0.058715
C               -5.478704           -0.922116            1.128477
H               -5.028162           -0.521425            2.051773
H               -6.280974           -1.617899            1.423958
H               -5.952257           -0.085446            0.588250
C               -5.100969           -2.236857           -0.983698
H               -5.643755           -1.478221           -1.568914
H               -5.837940           -3.001652           -0.689517
H               -4.363833           -2.724458           -1.643187
C               -3.840024           -2.810379            1.090907
H               -3.104547           -3.380437            0.501708
H               -4.636673           -3.503611            1.403321
H               -3.335149           -2.441164            1.997218
C               -4.442846           -1.671064            0.281207
C               -3.345516           -0.688138           -0.114912
C               -3.813599            0.515385           -0.841328
C               -3.445503            1.943781           -0.693611
C               -2.065421            2.322546           -0.304638
C               -1.814695            3.495062            0.415868
H               -2.642673            4.183002            0.610431
O               -2.171554           -0.906736            0.174080
O               -4.339965            2.761305           -0.805856
H               -4.762332            0.411200           -1.381107
Cu               1.717202           -2.359990           -0.088978