50
 
C               -5.594638            1.261140            0.666115
H               -5.570212            0.797937            1.666080
H               -6.620657            1.624998            0.495786
H               -4.938946            2.147016            0.678591
C               -5.234795            0.939788           -1.805921
H               -4.567088            1.815107           -1.857258
H               -6.254415            1.299741           -2.019550
H               -4.954098            0.238920           -2.608891
C               -6.244750           -0.887738           -0.432204
H               -6.026519           -1.625189           -1.219267
H               -7.252845           -0.483398           -0.611146
H               -6.258215           -1.418603            0.532430
C               -5.235825            0.252653           -0.431776
C               -3.840465           -0.295423           -0.190309
C               -2.753065            0.671579           -0.041375
C               -1.395280            0.401736            0.418646
C               -0.379478            1.453538            0.276764
C               -0.667599            2.781690           -0.095105
H               -1.693601            3.116960           -0.264113
C                0.358343            3.706306           -0.238811
H                0.127882            4.736333           -0.520296
C                0.957978            1.080242            0.510721
H                1.174295            0.039211            0.763117
O               -3.660535           -1.521903           -0.134703
O               -1.058120           -0.706492            0.886100
H               -2.995901            1.702017           -0.306671
C                5.748116           -0.127809           -1.196360
H                5.136006            0.337967           -1.987418
H                6.681700           -0.480741           -1.664268
H                6.014209            0.658069           -0.472010
C                5.901776           -1.938600            0.536547
H                6.217628           -1.210202            1.300407
H                6.818394           -2.343118            0.077004
H                5.387570           -2.773305            1.041657
C                4.709931           -2.366353           -1.613626
H                4.193409           -3.235182           -1.177072
H                5.643456           -2.718620           -2.080645
H                4.062321           -1.957832           -2.405213
C                5.025728           -1.316730           -0.557353
C                3.728986           -0.832390            0.073476
C                3.812573            0.300393            1.103087
H                4.828763            0.406780            1.505367
C                3.436304            1.660178            0.544591
C                1.986000            1.999688            0.349457
C                1.677571            3.316468           -0.031884
H                2.505581            4.020022           -0.159928
O                2.650073           -1.308123           -0.202423
O                4.283904            2.475736            0.268827
H                3.132151            0.030742            1.927011
Cu              -2.017169           -2.365569            0.543304