50
 
C               -3.228306            2.881501            1.746799
H               -3.945456            2.433171            2.453951
H               -3.255266            3.973100            1.895096
H               -2.215708            2.542641            2.017003
C               -2.557702            3.164476           -0.663001
H               -1.531748            2.822544           -0.452464
H               -2.562241            4.261576           -0.559751
H               -2.791357            2.930001           -1.714533
C               -4.970261            3.170171           -0.017390
H               -5.279174            2.967965           -1.054400
H               -4.929889            4.261859            0.118941
H               -5.749844            2.771589            0.649621
C               -3.603684            2.571803            0.291051
C               -3.643201            1.065042            0.106398
C               -2.407472            0.331973            0.335822
H               -1.574005            0.924475            0.717539
C               -2.086560           -0.973030            0.129850
C               -0.733429           -1.509611            0.321127
C               -0.547773           -2.819231            0.801272
H               -1.402758           -3.435394            1.102930
C                0.735742           -3.326601            0.957172
H                0.877499           -4.338488            1.344086
C                0.384902           -0.731802            0.010036
H                0.287438            0.280962           -0.393891
O               -4.718005            0.532259           -0.227718
O               -3.005498           -1.905023           -0.276031
H               -2.543647           -2.721915           -0.532146
C                5.395084            1.815787            0.942334
H                4.846786            2.524047            0.300606
H                6.069833            2.392785            1.596119
H                4.661629            1.304675            1.590466
C                6.919464           -0.166779            1.042926
H                6.214615           -0.679185            1.720047
H                7.640595            0.375510            1.676215
H                7.480625           -0.929435            0.477078
C                7.221677            1.551281           -0.760600
H                7.805437            0.845901           -1.372326
H                7.920593            2.125585           -0.131155
H                6.722027            2.249428           -1.449967
C                6.212804            0.823112            0.111756
C                5.253072            0.048537           -0.764762
C                4.170817           -0.765346           -0.118362
C                2.803751           -0.320879           -0.230765
C                1.676045           -1.238047            0.161396
C                1.842503           -2.543179            0.634971
H                2.842075           -2.968093            0.757093
O                5.289041            0.008253           -1.970812
O                2.542135            0.807385           -0.637016
H                4.435513           -1.747421            0.290262
Cu              -4.962407           -1.340894           -0.564896