50
 
C                7.263251            0.547298           -1.016319
H                7.064203            0.267855           -2.064219
H                8.345352            0.736452           -0.920925
H                6.744517            1.497766           -0.810423
C                7.105929           -0.137688            1.393833
H                6.588021            0.799605            1.654872
H                8.185055            0.031730            1.543756
H                6.788131           -0.915675            2.107722
C                7.658233           -1.829061           -0.358096
H                7.379146           -2.657401            0.311156
H                8.733083           -1.625020           -0.227751
H                7.493353           -2.171757           -1.391127
C                6.855090           -0.572209           -0.053424
C                5.372344           -0.856048           -0.235717
C                4.410649            0.209862            0.015756
H                4.760480            1.188639            0.343045
C                3.066128           -0.019485           -0.155658
C                2.026047            1.002211            0.063163
C                2.329302            2.337452            0.383764
H                3.370603            2.658979            0.459662
C                1.320022            3.267503            0.596890
H                1.574980            4.301122            0.841970
C                0.684593            0.620715           -0.041104
H                0.453208           -0.413952           -0.304333
O                4.979436           -1.972464           -0.591605
O                2.599442           -1.188738           -0.532041
H                3.403168           -1.788619           -0.646245
C               -3.218811           -2.740617            1.013426
H               -2.412590           -2.934121            0.288395
H               -3.722004           -3.700736            1.207919
H               -2.767660           -2.408953            1.962031
C               -5.334982           -1.542545            1.524147
H               -4.946190           -1.114745            2.462270
H               -5.803681           -2.511979            1.756742
H               -6.153826           -0.875305            1.176443
C               -4.819937           -2.264819           -0.824738
H               -5.629418           -1.621255           -1.235437
H               -5.270971           -3.256005           -0.658043
H               -4.054042           -2.362694           -1.610987
C               -4.228875           -1.729800            0.482570
C               -3.594881           -0.363316            0.195841
C               -2.229473           -0.116959            0.373393
H               -1.539161           -0.846756            0.791995
C               -1.756070            1.164947            0.039888
C               -0.325380            1.553458            0.187894
C               -0.014268            2.889041            0.486896
H               -0.817807            3.612058            0.645846
O               -4.344024            0.571917           -0.224761
O               -2.479082            2.079323           -0.421461
Cu              -6.180192            0.402442           -0.619304