50
 
C                4.287026           -2.823502           -0.711363
H                3.570632           -2.962159            0.115049
H                4.847142           -3.766184           -0.822057
H                3.727713           -2.665716           -1.647795
C                6.215553           -1.518686           -1.621915
H                5.662864           -1.262047           -2.540722
H                6.754651           -2.462731           -1.803870
H                6.956013           -0.727355           -1.431161
C                6.060795           -1.991517            0.841429
H                6.796580           -1.200634            1.050629
H                6.600130           -2.945446            0.725654
H                5.396007           -2.083764            1.716280
C                5.270855           -1.697890           -0.432702
C                4.543806           -0.346803           -0.237450
C                3.164646           -0.169464           -0.423320
H                2.504186           -0.968456           -0.755747
C                2.774995            1.178507           -0.251250
C                1.341669            1.589611           -0.418663
C                1.052414            2.910045           -0.784117
H                1.883819            3.605137           -0.927410
C               -0.264466            3.311647           -0.979632
H               -0.476012            4.338226           -1.289946
C                0.283666            0.695634           -0.190906
H                0.498577           -0.382551           -0.084831
O                5.271144            0.616859            0.085357
O                3.582241            2.071145            0.048608
C               -6.791185           -0.520358            0.329821
H               -6.754957           -1.091464            1.269068
H               -7.774900           -0.687666           -0.136390
H               -6.709795            0.552926            0.568906
C               -5.820071           -0.183009           -1.948419
H               -5.746688            0.905759           -1.791273
H               -6.808398           -0.380581           -2.391444
H               -5.065251           -0.486806           -2.692332
C               -5.822979           -2.465291           -0.929969
H               -5.032490           -2.816150           -1.613913
H               -6.794620           -2.657074           -1.411984
H               -5.775120           -3.059015           -0.005252
C               -5.692138           -0.962128           -0.646108
C               -4.363483           -0.740275            0.025939
C               -3.343324            0.063826           -0.484851
H               -3.479505            0.563260           -1.443675
C               -2.128451            0.232074            0.199916
C               -1.062341            1.132943           -0.315557
C               -1.324904            2.432644           -0.743635
H               -2.359440            2.775907           -0.837607
O               -4.223124           -1.375547            1.153404
O               -1.862724           -0.344573            1.309478
H               -3.324445           -1.189526            1.527616
Cu              -0.052741            0.432517            1.869515