50
 
C               -6.615768            0.355808            0.745508
H               -6.173978            0.397749            1.754382
H               -7.710968            0.343220            0.868438
H               -6.358051            1.279727            0.202595
C               -6.839596           -0.907684           -1.399573
H               -6.534761           -0.031687           -1.995702
H               -7.936068           -0.878322           -1.291821
H               -6.570111           -1.816271           -1.958804
C               -6.581347           -2.143123            0.774000
H               -6.310541           -3.060801            0.230441
H               -7.670753           -2.146698            0.941054
H               -6.088080           -2.166770            1.759753
C               -6.193858           -0.891945           -0.014166
C               -4.662656           -0.937152           -0.222489
C               -3.783150            0.056264            0.229625
H               -4.116617            0.930019            0.784376
C               -2.439443           -0.237648           -0.088324
C               -1.325533            0.681651            0.324876
C               -1.541026            1.966548            0.831130
H               -2.557750            2.348057            0.948735
C               -0.463693            2.766568            1.206147
H               -0.643295            3.740156            1.670587
C               -0.014708            0.212788            0.153376
H                0.124286           -0.777869           -0.290903
O               -4.231893           -1.937408           -0.838398
O               -2.119107           -1.267996           -0.704937
C                6.067683           -2.289639            1.038342
H                6.819978           -1.640375            0.566792
H                6.514901           -3.285800            1.182648
H                5.826168           -1.881366            2.033681
C                3.826238           -3.377525            0.836723
H                3.541433           -3.040612            1.847053
H                4.298435           -4.366003            0.946405
H                2.911485           -3.519554            0.238096
C                5.192248           -2.968582           -1.215974
H                4.309348           -3.059275           -1.870141
H                5.630120           -3.972580           -1.100487
H                5.932876           -2.326114           -1.714498
C                4.810265           -2.426365            0.168435
C                4.234693           -1.048960           -0.024005
C                2.948342           -0.668842            0.362518
H                2.299263           -1.389584            0.858674
C                2.466285            0.629097            0.131942
C                1.071909            1.012097            0.486397
C                0.848179            2.304362            1.041852
H                1.677264            2.841688            1.535013
O                5.045606           -0.206449           -0.595970
O                3.164159            1.551357           -0.413874
H                4.600009            0.674123           -0.683647
Cu               1.837410            3.074573           -0.663288