50
 
C                5.559672           -1.601622            1.496994
H                5.454320           -0.911830            2.350264
H                6.473003           -2.195233            1.662998
H                4.711840           -2.305663            1.514525
C                5.794086           -1.830137           -1.000044
H                4.952004           -2.539462           -1.047476
H                6.711700           -2.428468           -0.877914
H                5.864824           -1.306693           -1.967445
C                6.939376            0.033829            0.207277
H                7.076924            0.586542           -0.734430
H                7.826121           -0.598869            0.365763
H                6.896197            0.768853            1.025878
C                5.694143           -0.841900            0.171595
C                4.463862            0.021323           -0.052455
C                3.164262           -0.639920           -0.028345
H                3.189625           -1.729997            0.012075
C                1.851806           -0.012594           -0.011376
C                0.655321           -0.866751           -0.117273
C                0.702251           -2.253624           -0.369041
H                1.650693           -2.774877           -0.517458
C               -0.470337           -2.989399           -0.451017
H               -0.426859           -4.062349           -0.651069
C               -0.593960           -0.249298            0.039672
H               -0.661207            0.824523            0.232941
O                4.597996            1.242128           -0.244593
O                1.694593            1.224229            0.083899
C               -5.780480            1.212251           -1.357302
H               -5.117736            1.997688           -0.961106
H               -6.528685            1.691636           -2.010089
H               -5.178923            0.545129           -1.997956
C               -7.356421           -0.664228           -0.813494
H               -6.769484           -1.385054           -1.407678
H               -8.120112           -0.235572           -1.483602
H               -7.881458           -1.217467           -0.017343
C               -7.377680            1.427928            0.553767
H               -7.902459            0.912113            1.371775
H               -8.129003            1.882267           -0.112100
H               -6.778903            2.235735            1.003344
C               -6.498344            0.466932           -0.233110
C               -5.497347           -0.181980            0.714527
C               -4.354052           -1.011683            0.129707
H               -4.535426           -1.349059           -0.907337
C               -3.062602           -0.233426            0.163887
C               -1.772951           -0.985071           -0.027905
C               -1.703665           -2.362450           -0.274887
H               -2.617104           -2.961162           -0.332726
O               -5.575978           -0.103485            1.913637
O               -3.037374            0.963757            0.325578
H               -4.257694           -1.915402            0.755552
Cu               3.121457            2.525192           -0.149815