50
 
C                5.820458            1.123619           -1.502395
H                5.882237            0.318886           -2.252917
H                6.782351            1.661029           -1.513243
H                5.048906            1.842375           -1.823330
C                5.456386            1.710249            0.920598
H                4.658284            2.428855            0.668160
H                6.401117            2.277346            0.941682
H                5.273512            1.332881            1.940007
C                6.750036           -0.339084            0.299411
H                6.607961           -0.774981            1.300424
H                7.680808            0.248327            0.312872
H                6.878955           -1.167674           -0.413310
C                5.587854            0.563525           -0.091218
C                4.298582           -0.232150           -0.096030
C                3.057986            0.506597           -0.371666
H                3.190201            1.515044           -0.769176
C                1.675963            0.062614           -0.155854
C                0.625287            1.082415           -0.072560
C                0.895054            2.464659           -0.027831
H                1.919654            2.843932           -0.066426
C               -0.143619            3.377937            0.094846
H                0.072914            4.447786            0.136668
C               -0.710226            0.642381            0.008370
H               -0.899910           -0.433433           -0.021288
O                4.313020           -1.449063            0.128021
O                1.374854           -1.142300           -0.048146
C               -6.055175            0.304010           -1.470689
H               -6.179427            1.310802           -1.042344
H               -6.880481            0.129238           -2.180582
H               -5.121046            0.295073           -2.058204
C               -5.859746           -2.154322           -1.014462
H               -4.906410           -2.222434           -1.566227
H               -6.667826           -2.365951           -1.734324
H               -5.875371           -2.948437           -0.249494
C               -7.424873           -0.750372            0.334363
H               -7.471404           -1.521460            1.117825
H               -8.242449           -0.929861           -0.382446
H               -7.597260            0.223158            0.819803
C               -6.084707           -0.772602           -0.386613
C               -4.969388           -0.564609            0.627709
C               -3.548188           -0.310081            0.122231
H               -3.375790           -0.644468           -0.917617
C               -3.200909            1.154392            0.210848
C               -1.750999            1.553273            0.122600
C               -1.457284            2.926730            0.164933
H               -2.296336            3.622936            0.257317
O               -5.136054           -0.626910            1.819183
O               -4.042732            2.011390            0.333973
H               -2.871527           -0.891340            0.771185
Cu               2.694506           -2.587505            0.157282