50
 
C               -3.734636            2.913779            0.165146
H               -2.983500            2.758663            0.957775
H               -4.131690            3.933915            0.287306
H               -3.230618            2.874907           -0.815099
C               -5.899994            2.200523           -0.848317
H               -5.443565            2.105278           -1.847745
H               -6.276207            3.230977           -0.744054
H               -6.757420            1.513762           -0.793429
C               -5.554244            2.037835            1.630436
H               -6.407950            1.350497            1.722841
H               -5.924012            3.066899            1.766585
H               -4.845152            1.821004            2.446905
C               -4.879304            1.913787            0.259332
C               -4.411640            0.486907            0.100632
C               -3.096109            0.102846           -0.105826
H               -2.329136            0.871145           -0.179041
C               -2.773735           -1.280159           -0.257346
C               -1.344814           -1.694882           -0.495943
C               -1.122663           -3.023163           -0.875196
H               -1.995456           -3.672932           -0.981541
C                0.164845           -3.483826           -1.131502
H                0.320693           -4.499447           -1.506289
C               -0.253894           -0.833040           -0.317663
H               -0.405252            0.189534            0.039832
O               -5.372069           -0.393413            0.175421
O               -3.621359           -2.185201           -0.216687
H               -4.969761           -1.301197            0.048350
C                4.955482            2.881629           -1.318001
H                5.844819            2.341582           -0.959291
H                5.264838            3.901296           -1.602324
H                4.575992            2.379014           -2.222275
C                2.667273            3.739518           -0.738996
H                2.303615            3.359365           -1.706366
H                2.957418            4.791849           -0.894123
H                1.838521            3.731415           -0.012786
C                4.438863            3.640014            1.026049
H                3.690694            3.667280            1.834506
H                4.721649            4.678945            0.794394
H                5.331360            3.115110            1.398930
C                3.883400            2.983245           -0.232952
C                3.504621            1.499290            0.104985
C                2.366162            0.867349           -0.424169
H                1.661282            1.391321           -1.067749
C                2.240280           -0.494194           -0.119696
C                1.044541           -1.291501           -0.519514
C                1.260969           -2.628517           -0.957348
H                2.249096           -2.918877           -1.355388
O                4.323509            0.899896            0.819393
O                3.112084           -1.123216            0.551514
Cu               2.298965           -2.947948            0.865113