51
 
C                3.818411           -1.950527            1.473150
H                3.203052           -1.321827            2.139147
H                4.256130           -2.750923            2.091024
H                3.155690           -2.434354            0.737529
C                5.750483           -2.036100           -0.142787
H                5.123430           -2.516723           -0.910613
H                6.228975           -2.843728            0.433593
H                6.551696           -1.471915           -0.647158
C                5.885060           -0.599574            1.900674
H                6.699504           -0.000333            1.465779
H                6.335856           -1.435224            2.457527
H                5.344810            0.036488            2.618441
C                4.957168           -1.148823            0.825452
C                4.324045           -0.012772            0.060953
C                3.351508           -0.330800           -1.068249
H                3.345722           -1.401819           -1.289885
C                1.953837            0.222107           -0.848164
C                0.785508           -0.661851           -0.830151
C                0.841873           -2.037365           -1.130769
H                1.780884           -2.520388           -1.413344
C               -0.311425           -2.806981           -1.093947
H               -0.264620           -3.870882           -1.337168
C               -0.451785           -0.088159           -0.501189
H               -0.528561            0.978604           -0.273602
O                4.576869            1.156261            0.335904
O                1.808459            1.439669           -0.689039
H                3.747503            0.188206           -1.961686
C               -5.888563            1.239011           -1.027085
H               -5.205907            2.042200           -0.707537
H               -6.757047            1.702905           -1.523332
H               -5.370282            0.633239           -1.789944
C               -7.261546           -0.739773           -0.323681
H               -6.751106           -1.402827           -1.042776
H               -8.146137           -0.325377           -0.835260
H               -7.619096           -1.354080            0.519329
C               -7.148184            1.287845            1.130933
H               -7.502006            0.711919            1.999200
H               -8.022216            1.726810            0.623097
H               -6.521104            2.108375            1.513944
C               -6.369362            0.408750            0.163144
C               -5.190502           -0.215535            0.894948
C               -4.139357           -0.977249            0.085651
H               -4.477957           -1.276108           -0.923693
C               -2.883749           -0.156363           -0.059499
C               -1.608549           -0.860240           -0.443676
C               -1.530101           -2.224703           -0.744526
H               -2.427249           -2.849476           -0.712292
O               -5.048842           -0.167311            2.090381
O               -2.870596            1.039450            0.114042
H               -3.914751           -1.903569            0.641526
Cu               3.334450            2.618650           -0.227905