51
 
C               -4.061290            3.089660            1.353407
H               -5.073592            2.701172            1.555268
H               -4.121609            4.188980            1.388788
H               -3.401115            2.759248            2.171044
C               -2.129220            3.268007           -0.211641
H               -1.436822            3.009091            0.604634
H               -2.220438            4.364781           -0.215053
H               -1.676037            2.969378           -1.170498
C               -4.433538            3.148034           -1.135087
H               -4.102393            2.794905           -2.125138
H               -4.427203            4.248565           -1.150370
H               -5.497517            2.870837           -1.004272
C               -3.508978            2.652540           -0.013155
C               -3.468562            1.136242           -0.030070
C               -2.337282            0.389776            0.015243
H               -1.427909            0.985402            0.028067
C               -2.141738           -1.053060            0.040557
C               -0.762270           -1.579723            0.022584
C               -0.588264           -2.977612            0.042888
H               -1.472034           -3.618092            0.079402
C                0.682194           -3.529716            0.014510
H                0.806827           -4.615004            0.031620
C                1.803552           -2.700745           -0.041540
H                0.326750            0.329322           -0.033705
O               -4.712590            0.567915           -0.055379
O               -3.074908           -1.885957            0.075537
H               -5.379166            1.260960           -0.202175
C                5.366435            1.232574            1.575911
H                4.580461            1.966640            1.337466
H                6.070630            1.699748            2.284268
H                4.895069            0.386600            2.104574
C                7.157578           -0.276261            0.675970
H                6.705503           -1.164835            1.148392
H                7.886465            0.137593            1.392592
H                7.714980           -0.605726           -0.216559
C                6.824337            1.996516           -0.304310
H                7.373821            1.709372           -1.213365
H                7.538638            2.433104            0.412553
H                6.099821            2.775276           -0.590571
C                6.123405            0.798971            0.320599
C                5.171488            0.189700           -0.699233
C                4.199484           -0.897299           -0.241849
H                4.476319           -1.372968            0.717005
C                2.802860           -0.344392           -0.111165
C                1.654371           -1.311288           -0.059065
C                0.372253           -0.762746           -0.022332
H                2.800361           -3.150196           -0.068902
O                5.160337            0.500996           -1.863222
O                2.587350            0.844627           -0.039987
H                4.211078           -1.687416           -1.011951
Cu              -4.941148           -1.462498            0.057171