51
 
C               -6.509959            0.524242            0.753712
H               -6.033665            0.562471            1.747561
H               -7.596542            0.613360            0.910099
H               -6.191059            1.405996            0.173268
C               -6.923484           -0.780933           -1.332826
H               -6.577691            0.052552           -1.966931
H               -8.008024           -0.661790           -1.178897
H               -6.753894           -1.722301           -1.876029
C               -6.704174           -1.960669            0.869696
H               -6.533153           -2.920230            0.359841
H               -7.785633           -1.855178            1.052583
H               -6.196566           -1.992167            1.848264
C               -6.211563           -0.779316            0.025213
C               -4.735833           -0.973752           -0.225749
C               -3.744150           -0.082467            0.153958
H               -4.028327            0.824396            0.683411
C               -2.376858           -0.376430           -0.126137
C               -1.298476            0.586719            0.299169
C               -1.548676            1.863533            0.809409
H               -2.574272            2.220549            0.926095
C               -0.495074            2.691053            1.194663
H               -0.703237            3.657112            1.662921
C                0.025803            0.155662            0.134210
H                0.185582           -0.830524           -0.313645
O               -4.448012           -2.083596           -0.849801
O               -2.005973           -1.411586           -0.704810
H               -3.454756           -2.125296           -0.961413
C                6.157413           -2.180948            1.073434
H                6.899079           -1.505559            0.622119
H                6.632534           -3.163430            1.222467
H                5.881171           -1.786311            2.065245
C                3.956590           -3.337348            0.816188
H                3.641456           -3.017337            1.822982
H                4.456391           -4.311916            0.928261
H                3.058685           -3.501918            0.198099
C                5.353767           -2.872884           -1.203389
H                4.488794           -2.987396           -1.877475
H                5.820961           -3.863110           -1.083987
H                6.084080           -2.203982           -1.681918
C                4.924362           -2.351586            0.174909
C                4.310714           -0.991014           -0.020336
C                3.010884           -0.648803            0.355035
H                2.376703           -1.389036            0.841594
C                2.495424            0.637303            0.128186
C                1.089674            0.980754            0.476202
C                0.828988            2.264245            1.037282
H                1.640535            2.820592            1.538687
O                5.103605           -0.123412           -0.580502
O                3.172566            1.580681           -0.407689
H                4.634043            0.744668           -0.668411
Cu               1.807831            3.070170           -0.655495