51
 
C               -4.388652            2.663772            0.708508
H               -4.623552            2.279525            1.715360
H               -4.746102            3.705593            0.659866
H               -3.292205            2.690390            0.593919
C               -4.693188            2.364872           -1.765376
H               -3.603404            2.373295           -1.931926
H               -5.050913            3.402013           -1.874872
H               -5.157599            1.765843           -2.565955
C               -6.588510            1.912795           -0.202600
H               -7.113308            1.318135           -0.965590
H               -6.921508            2.959420           -0.288709
H               -6.899022            1.530252            0.781915
C               -5.078429            1.836116           -0.379889
C               -4.623306            0.389432           -0.268987
C               -3.200352            0.079627           -0.379336
H               -2.481292            0.875689           -0.580136
C               -2.781334           -1.220790           -0.305007
C               -1.363094           -1.628000           -0.428177
C               -1.054707           -2.932330           -0.839649
H               -1.873876           -3.631251           -1.023230
C                0.266709           -3.315829           -1.042472
H                0.486220           -4.329449           -1.387857
C               -0.307725           -0.739336           -0.153041
H               -0.530265            0.331289            0.002345
O               -5.437365           -0.521280           -0.094990
O               -3.599743           -2.234413           -0.137687
H               -4.526932           -1.839436           -0.089949
C                6.757752            0.537020            0.275287
H                6.737492            1.067957            1.238304
H                7.730353            0.730925           -0.203764
H                6.688247           -0.545952            0.470480
C                5.741227            0.288725           -1.994680
H                5.681232           -0.806339           -1.881879
H                6.717679            0.514226           -2.450505
H                4.967327            0.615917           -2.708431
C                5.750513            2.526200           -0.880874
H                4.944196            2.899518           -1.533732
H                6.710999            2.745573           -1.373305
H                5.716845            3.080083            0.068840
C                5.635603            1.011503           -0.658359
C                4.323776            0.750568            0.032328
C                3.302698           -0.048692           -0.484779
H                3.423953           -0.512416           -1.463297
C                2.105572           -0.257110            0.219525
C                1.041109           -1.154592           -0.307601
C                1.318835           -2.435587           -0.782352
H                2.356797           -2.762125           -0.894785
O                4.200063            1.343931            1.184161
O                1.856453            0.276492            1.353928
H                3.312207            1.133579            1.570922
Cu               0.076006           -0.561389            1.913719