51
 
C               -6.231939           -0.541303           -1.584554
H               -6.449988            0.533925           -1.695713
H               -7.176600           -1.083463           -1.749081
H               -5.530715           -0.829918           -2.383658
C               -5.440086           -2.405928           -0.133004
H               -4.779654           -2.760028           -0.940194
H               -6.402555           -2.924989           -0.258209
H               -5.018783           -2.716668            0.836754
C               -6.677512           -0.510826            0.892346
H               -6.278648           -0.694966            1.903082
H               -7.591372           -1.113023            0.775149
H               -7.020293            0.540507            0.840122
C               -5.670423           -0.901325           -0.199555
C               -4.387565           -0.115814           -0.003116
C               -3.140924           -0.649763            0.000141
H               -3.124852           -1.729648           -0.132013
C               -1.836337           -0.012080            0.122870
C               -0.634342           -0.866459            0.187907
C               -0.678499           -2.255629            0.407827
H               -1.627645           -2.774741            0.561637
C                0.495800           -2.993185            0.464823
H                0.454057           -4.069573            0.646980
C                1.727191           -2.364097            0.287019
H                0.678612            0.832422           -0.128905
O               -4.597774            1.227552            0.135593
O               -1.665787            1.225031            0.154380
H               -5.550808            1.394665            0.234110
C                5.855459            1.143694            1.363562
H                5.192754            1.951815            1.015917
H                6.626547            1.587526            2.015024
H                5.260392            0.459930            1.992689
C                7.395125           -0.724514            0.707384
H                6.817471           -1.461218            1.291228
H                8.182126           -0.328517            1.370711
H                7.891263           -1.254164           -0.122818
C                7.400419            1.414767           -0.581384
H                7.897579            0.925120           -1.432115
H                8.174014            1.837369            0.080224
H                6.798162            2.243778           -0.985610
C                6.531344            0.433140            0.191326
C                5.497517           -0.166698           -0.752016
C                4.367514           -1.012031           -0.166326
H                4.575446           -1.398141            0.848558
C                3.079029           -0.228295           -0.123929
C                1.793136           -0.983424            0.070183
C                0.611597           -0.246126            0.034533
H                2.641287           -2.963502            0.322981
O                5.540329           -0.034941           -1.948988
O                3.055512            0.975669           -0.232889
H                4.242724           -1.886384           -0.827951
Cu              -3.030268            2.567268            0.135866