51
 
C                7.873634           -0.795040           -1.253412
H                7.804677           -1.892755           -1.274105
H                8.939538           -0.515215           -1.269916
H                7.405184           -0.401762           -2.171221
C                7.364990            1.299751            0.000494
H                6.918110            1.762182           -0.895276
H                8.436376            1.556340            0.000607
H                6.918018            1.761759            0.896437
C                7.873618           -0.795637            1.253399
H                7.405173           -0.402786            2.171392
H                8.939526           -0.515835            1.270038
H                7.804653           -1.893361            1.273581
C                7.209048           -0.214977            0.000131
C                5.760775           -0.645669           -0.000015
C                4.680357            0.215572            0.000025
H                4.863571            1.287765            0.000178
C                3.346858           -0.306383           -0.000134
C                2.171886            0.629132           -0.000103
C                2.278914            2.023501           -0.000083
H                3.260769            2.502881           -0.000082
C                1.136808            2.824340           -0.000073
H                1.234961            3.912450           -0.000074
C                0.902525            0.052058           -0.000100
H                0.840125           -1.038638           -0.000139
O                5.599591           -1.944291           -0.000161
O                3.106342           -1.525707           -0.000295
H                4.613290           -2.121815           -0.000284
C               -5.329122            1.938234            1.259114
H               -5.284438            1.329639            2.177455
H               -6.259033            2.529391            1.286445
H               -4.488476            2.646831            1.285311
C               -5.329128            1.938401           -1.258931
H               -4.488512            2.647036           -1.285022
H               -6.259056            2.529533           -1.286197
H               -5.284412            1.329932           -2.177354
C               -6.563324            0.196460           -0.000030
H               -6.666553           -0.410619           -0.932252
H               -7.464244            0.830061           -0.000020
H               -6.666617           -0.410675            0.932157
C               -5.303813            1.063621            0.000034
C               -4.020636            0.225616           -0.000006
C               -2.777611            0.875201           -0.000023
H               -2.758472            1.963541           -0.000049
C               -1.557793            0.186358           -0.000030
C               -0.253457            0.843705           -0.000061
C               -0.122107            2.244483           -0.000064
H               -1.001015            2.893301           -0.000096
O               -4.084211           -1.054810            0.000012
O               -1.519650           -1.118370           -0.000051
H               -2.447032           -1.458257           -0.000022
Cu              -5.765077           -2.002340            0.000058