51
 
C               -1.484549            2.280265            1.059444
H               -1.669018            1.592388            1.902612
H               -1.128110            3.230617            1.487707
H               -0.658498            1.880699            0.449814
C               -2.433440            3.374866           -1.002155
H               -1.682448            2.895716           -1.650256
H               -2.015799            4.344741           -0.688316
H               -3.336185            3.580621           -1.600062
C               -3.765716            3.315641            1.115790
H               -4.702579            3.511309            0.572587
H               -3.334349            4.283959            1.412019
H               -4.016840            2.759622            2.032404
C               -2.763354            2.557281            0.255335
C               -3.354181            1.237817           -0.174882
C               -2.514265            0.288181           -1.021103
H               -1.557770            0.743830           -1.291845
C               -2.347390           -1.100076           -0.429739
C               -1.018039           -1.620966           -0.108203
C               -0.916103           -2.931203            0.406072
H               -1.825654           -3.523067            0.532891
C                0.321786           -3.454085            0.739906
H                0.397402           -4.469577            1.135576
C                0.147756           -0.865719           -0.272608
H                0.149745            0.150712           -0.673414
O               -4.505281            0.931369            0.123338
O               -3.350671           -1.797089           -0.228150
H               -3.083528            0.148472           -1.960079
C                5.125209            1.554123            1.184948
H                4.398871            2.200900            0.667355
H                5.814156            2.198819            1.755421
H                4.575155            0.942680            1.920499
C                6.871608           -0.232793            0.946480
H                6.342749           -0.900928            1.647134
H                7.584709            0.361684            1.541443
H                7.456135           -0.856000            0.249509
C                6.730555            1.613526           -0.730187
H                7.307221            1.026939           -1.461178
H                7.432770            2.225980           -0.141790
H                6.071774            2.289113           -1.298101
C                5.926101            0.709910            0.192719
C                4.988742           -0.147989           -0.643341
C                3.958522           -1.027141            0.070088
H                4.145462           -1.151200            1.152786
C                2.572772           -0.464479           -0.105213
C                1.395240           -1.382528            0.071030
C                1.476472           -2.684725            0.571594
H                2.446754           -3.111310            0.842884
O                5.021360           -0.192282           -1.846688
O                2.377336            0.701019           -0.368068
H                4.015583           -2.029945           -0.386351
Cu              -5.137105           -0.951391           -0.081054