51
 
C                1.369000           -1.933170            1.557941
H                1.832951           -1.229243            2.269665
H                0.937887           -2.757865            2.147751
H                0.530192           -1.422572            1.057745
C                1.699652           -3.418130           -0.449900
H                0.879974           -2.917299           -0.989842
H                1.257193           -4.274824            0.082724
H                2.411716           -3.820833           -1.188470
C                3.450362           -3.309702            1.334058
H                4.214249           -3.720445            0.656383
H                2.968674           -4.150576            1.855958
H                3.963993           -2.691134            2.085844
C                2.396869           -2.513764            0.575257
C                3.044943           -1.354981           -0.141387
C                2.178875           -0.417249           -0.975312
H                1.159501           -0.802518           -1.064007
C                2.217650            1.030028           -0.515076
C                1.002138            1.718624           -0.083098
C                1.130380            3.037132            0.396910
H                2.120550            3.498585            0.409937
C                0.018565            3.730222            0.850744
H                0.125541            4.750976            1.225241
C               -0.271844            1.123912           -0.110918
H               -0.404810            0.112789           -0.501909
O                4.254255           -1.158579           -0.067150
O                3.302903            1.626804           -0.511126
H                2.620637           -0.425371           -1.989704
C               -5.725845            0.568335           -1.243350
H               -5.888714            1.360416           -0.496277
H               -6.619024            0.515045           -1.887427
H               -4.884824            0.874749           -1.888704
C               -5.233897           -1.856247           -1.650535
H               -4.363184           -1.615727           -2.284751
H               -6.109093           -1.933541           -2.316796
H               -5.069959           -2.847255           -1.195398
C               -6.724061           -1.180550            0.237339
H               -6.587546           -2.159860            0.719764
H               -7.612202           -1.231197           -0.413002
H               -6.919754           -0.444802            1.033301
C               -5.501085           -0.789364           -0.580006
C               -4.279219           -0.774956            0.326354
C               -2.976204           -0.162390           -0.192251
H               -2.919641           -0.098680           -1.294856
C               -2.772906            1.223611            0.372596
C               -1.388758            1.812947            0.351465
C               -1.232708            3.119783            0.833993
H               -2.126392            3.637759            1.194906
O               -4.262592           -1.266564            1.426465
O               -3.687668            1.868449            0.825656
H               -2.165387           -0.829614            0.146827
Cu               5.013133            0.625435           -0.556366