51
 
C               -5.296265            1.350171            1.058694
H               -5.232232            0.801447            2.012734
H               -6.317301            1.757064            0.978425
H               -4.606820            2.207901            1.106642
C               -5.082885            1.229571           -1.445485
H               -4.387331            2.083887           -1.456739
H               -6.098792            1.635576           -1.578156
H               -4.863784            0.592998           -2.318585
C               -6.093363           -0.665710           -0.176352
H               -5.940905           -1.352320           -1.023081
H               -7.088366           -0.206715           -0.283850
H               -6.092143           -1.265836            0.746278
C               -5.033002            0.427581           -0.138733
C               -3.652670           -0.192983            0.011986
C               -2.515164            0.710338            0.055364
H               -2.758248            1.774233            0.019161
C               -1.175355            0.468950            0.131708
C               -0.161961            1.530227            0.063880
C               -0.287987            2.671399           -0.741429
H               -1.215689            2.856977           -1.291264
C                0.792754            3.537603           -0.894270
H                0.686841            4.425586           -1.522207
C                1.044361            1.308985            0.727892
H                1.125712            0.467232            1.412982
O               -3.566605           -1.433488            0.091838
O               -0.649751           -0.778820            0.260119
H                0.343885           -0.816237            0.181266
C                5.155535           -0.293483           -1.194316
H                4.505456            0.345719           -1.817225
H                5.936467           -0.707867           -1.852175
H                5.655238            0.348138           -0.451684
C                5.290440           -2.282689            0.337751
H                5.802450           -1.681429            1.105122
H                6.072309           -2.746640           -0.284939
H                4.740090           -3.095993            0.839141
C                3.785760           -2.338804           -1.652721
H                3.219126           -3.181454           -1.227138
H                4.599208           -2.752014           -2.269353
H                3.108817           -1.776195           -2.314931
C                4.369774           -1.449419           -0.563842
C                3.251286           -0.863584            0.278062
C                3.633136            0.163347            1.340854
H                4.674843            0.030632            1.660089
C                3.513373            1.632067            0.903477
C                2.161792            2.094797            0.479126
C                2.025319            3.237351           -0.317956
H                2.908039            3.856854           -0.502307
O                2.087994           -1.197959            0.105205
O                4.485413            2.339524            0.833367
H                2.985387           -0.003950            2.217606
Cu              -1.895446           -2.368481            0.276131