51
 
C                6.637629           -2.099701            1.249371
H                7.519948           -1.443822            1.213672
H                6.985484           -3.144912            1.287058
H                6.089436           -1.889780            2.183154
C                4.556347           -2.853178            0.101543
H                3.958898           -2.695101            1.014944
H                4.924909           -3.891217            0.125781
H                3.892826           -2.760871           -0.774493
C                6.539530           -2.183478           -1.253823
H                5.919694           -2.033713           -2.153804
H                6.885416           -3.230028           -1.249262
H                7.420711           -1.529453           -1.330144
C                5.740601           -1.899183            0.022954
C                5.312081           -0.450183           -0.010570
C                4.002004           -0.013521            0.010248
H                3.202865           -0.749828            0.058936
C                3.713002            1.389973           -0.025733
C                2.289589            1.868625           -0.005144
C                2.075742            3.253093            0.006360
H                2.956076            3.901733            0.000635
C                0.786193            3.776199            0.023754
H                0.633685            4.858056            0.034685
C                1.188435            1.017061           -0.002419
H                1.322612           -0.065835           -0.014847
O                6.313608            0.389853           -0.065331
O                4.604083            2.253088           -0.072457
H                5.927955            1.314777           -0.082601
C               -5.308723            1.453491            1.282567
H               -5.131509            0.856075            2.192212
H               -6.346098            1.824629            1.314795
H               -4.645005            2.329472            1.322057
C               -5.306635            1.491850           -1.235208
H               -4.644045            2.369494           -1.246690
H               -6.344243            1.862970           -1.258256
H               -5.127036            0.922826           -2.162397
C               -6.128375           -0.497706           -0.007310
H               -6.093543           -1.100422           -0.947862
H               -7.146546           -0.077715           -0.005154
H               -6.100332           -1.124393            0.917822
C               -5.090264            0.624933            0.010903
C               -3.653723            0.090771            0.005603
C               -2.585836            0.999492            0.013646
H               -2.808531            2.064741            0.022476
C               -1.243175            0.600162            0.008041
C               -0.119647            1.530623            0.011393
C               -0.308135            2.924019            0.025905
H               -1.312052            3.354474            0.038711
O               -3.431862           -1.172496           -0.005189
O               -0.918009           -0.666127           -0.002526
H               -1.749507           -1.200431           -0.005395
Cu              -4.872912           -2.458494           -0.024982