51
 
C                6.701105           -0.929354           -1.455097
H                6.597179           -1.995169           -1.203619
H                7.769635           -0.716349           -1.617114
H                6.171741           -0.740031           -2.403635
C                6.385959            1.432782           -0.703608
H                5.888289            1.697743           -1.650980
H                7.462735            1.617566           -0.840433
H                6.036223            2.118873            0.085365
C                6.915882           -0.339548            0.976055
H                6.542237            0.279656            1.808420
H                7.986556           -0.116784            0.844566
H                6.817426           -1.398325            1.257241
C                6.173231           -0.028313           -0.330221
C                4.719187           -0.360806           -0.123112
C                3.670638            0.545472           -0.270111
H                3.881877            1.570879           -0.572546
C                2.332411            0.171456           -0.053449
C                1.216526            1.149219           -0.116287
C                1.214426            2.398605            0.511177
H                2.150845            2.836178            0.870786
C                0.000129            3.042247            0.762299
H                0.000164            4.014530            1.261156
C               -0.000022            0.619091           -0.549291
H               -0.000088           -0.257767           -1.214868
O                4.498331           -1.600629            0.210782
O                1.988581           -1.021547            0.267280
H                3.521550           -1.737599            0.316892
C               -6.915660           -0.339240            0.976245
H               -6.817141           -1.397945            1.257680
H               -7.986356           -0.116522            0.844857
H               -6.541872            0.280194            1.808375
C               -6.386017            1.432666           -0.703961
H               -6.036357            2.118961            0.084867
H               -7.462797            1.617367           -0.840865
H               -5.888330            1.697438           -1.651382
C               -6.701274           -0.929640           -1.454804
H               -6.172052           -0.740564           -2.403470
H               -7.769821           -0.716647           -1.616713
H               -6.597364           -1.995404           -1.203109
C               -6.173207           -0.028329           -0.330249
C               -4.719132           -0.360739           -0.123162
C               -3.670674            0.545702           -0.269843
H               -3.882013            1.571158           -0.572035
C               -2.332448            0.171623           -0.053303
C               -1.216491            1.149280           -0.116143
C               -1.214239            2.398669            0.511318
H               -2.150562            2.836329            0.871071
O               -4.498145           -1.600622            0.210421
O               -1.988717           -1.021462            0.267256
H               -3.521354           -1.737454            0.316616
Cu              -0.000095           -1.347630            0.552078