51
 
C               -3.020639            2.636319            2.108860
H               -3.877758            2.168203            2.620094
H               -2.972634            3.687156            2.437199
H               -2.098397            2.144295            2.456506
C               -1.961633            3.220934           -0.098452
H               -1.012930            2.746922            0.200446
H               -1.894469            4.283868            0.184121
H               -2.042560            3.175146           -1.197039
C               -4.435173            3.386721            0.193412
H               -4.598316            3.377952           -0.895326
H               -4.322304            4.434174            0.512831
H               -5.338816            2.979984            0.671984
C               -3.188725            2.602166            0.583044
C               -3.330775            1.153727            0.148808
C               -2.202797            0.267426            0.393966
H               -1.376141            0.702334            0.959094
C               -1.987249           -1.026761            0.035323
C               -0.735102           -1.741937            0.307690
C               -0.765249           -3.101159            0.662519
H               -1.720169           -3.625245            0.786310
C                0.417865           -3.783130            0.927366
H                0.385485           -4.835207            1.220561
C                0.499568           -1.082333            0.219837
H                0.521862           -0.032531           -0.087701
O               -4.397464            0.791491           -0.380806
O               -2.934151           -1.781966           -0.604310
H               -2.530190           -2.611985           -0.911271
C                5.707470           -0.221242           -1.545130
H                5.995556           -1.071532           -0.907678
H                6.492492           -0.081692           -2.306625
H                4.784327           -0.495177           -2.084267
C                5.113252            2.212852           -1.644030
H                4.162078            2.001484           -2.162340
H                5.876729            2.381043           -2.421717
H                4.998700            3.151961           -1.077441
C                6.884731            1.418628           -0.071914
H                6.804276            2.345091            0.516012
H                7.663184            1.557544           -0.839490
H                7.212342            0.620838            0.613216
C                5.559682            1.063155           -0.731033
C                4.490768            0.921202            0.343019
C                3.135459            0.320509           -0.035279
H                2.911943            0.367069           -1.117309
C                3.045273           -1.120158            0.404534
C                1.685416           -1.763955            0.484740
C                1.635007           -3.118410            0.839450
H                2.580990           -3.627552            1.044790
O                4.637195            1.297512            1.478078
O                4.025676           -1.770020            0.676942
H                2.370044            0.918934            0.487012
Cu              -4.789940           -0.980225           -1.007640