51
 
C               -5.817753           -2.466701           -1.303594
H               -6.801145           -1.992078           -1.171298
H               -5.970408           -3.552828           -1.412836
H               -5.376106           -2.088669           -2.240900
C               -3.567318           -2.898018           -0.321458
H               -3.069107           -2.566471           -1.248089
H               -3.739281           -3.982589           -0.411704
H               -2.878848           -2.744114            0.526794
C               -5.552355           -2.716036            1.176415
H               -4.916746           -2.519836            2.056319
H               -5.701075           -3.805476            1.099476
H               -6.531791           -2.246160            1.348961
C               -4.899674           -2.192078           -0.107466
C               -4.744031           -0.694383            0.026534
C               -3.542667           -0.016881           -0.034612
H               -2.629852           -0.583301           -0.206041
C               -3.515468            1.411872            0.096648
C               -2.212318            2.153382            0.031467
C               -2.267183            3.553913            0.004030
H               -3.254691            4.022580            0.031340
C               -1.102786            4.312383           -0.054664
H               -1.160226            5.403209           -0.080957
C               -0.969757            1.527678            0.011737
H               -0.925293            0.437651            0.044326
O               -5.876565           -0.066875            0.211667
O               -4.546885            2.082121            0.259278
H               -5.669268            0.911806            0.277918
C                2.486560           -2.325902            1.419679
H                2.965484           -1.863409            2.298579
H                2.589762           -3.419489            1.511082
H                1.412501           -2.092858            1.461897
C                2.414179           -2.477618           -1.092606
H                1.338964           -2.246378           -1.100749
H                2.514887           -3.574691           -1.057276
H                2.840737           -2.126284           -2.046723
C                4.582581           -2.317743            0.096906
H                5.098656           -2.087933           -0.867174
H                4.632013           -3.416000            0.163709
H                5.153459           -1.972265            0.993245
C                3.126981           -1.849151            0.110662
C                3.005907           -0.323805            0.021233
C                1.732505            0.263257            0.026079
H                0.861435           -0.385220            0.097399
C                1.529917            1.647514           -0.048188
C                0.215275            2.280569           -0.037991
C                0.134426            3.684126           -0.076327
H                1.052844            4.273048           -0.118797
O                4.057724            0.405631           -0.056498
O                2.540837            2.471712           -0.129204
H                3.375611            1.942848           -0.125121
Cu               5.833258           -0.351864           -0.061111