51
 
C                5.309547           -1.565228            1.890432
H                5.212974           -0.793989            2.672124
H                6.174331           -2.196122            2.152285
H                4.415246           -2.207518            1.925135
C                5.641647           -2.034617           -0.560061
H                4.759656           -2.694566           -0.580699
H                6.516602           -2.670444           -0.349222
H                5.778322           -1.607100           -1.567023
C                6.856034           -0.149378            0.536104
H                7.065275            0.323203           -0.435978
H                7.690372           -0.827831            0.771846
H                6.835727            0.644367            1.298033
C                5.553548           -0.939224            0.509853
C                4.391891           -0.013075            0.191907
C                3.072270           -0.612795            0.066487
H                3.014508           -1.675833            0.306442
C                1.879900           -0.073712           -0.305390
C                0.643239           -0.855340           -0.438726
C                0.668185           -2.205571           -0.830164
H                1.618225           -2.687445           -1.078177
C               -0.515800           -2.919718           -0.943291
H               -0.489809           -3.964816           -1.260720
C               -0.589002           -0.249822           -0.175696
H               -0.684743            0.788723            0.167189
O                4.617905            1.204516            0.066744
O                1.730862            1.257468           -0.575784
H                0.838334            1.419423           -0.928995
C               -5.966966            1.337396           -1.074754
H               -5.293050            2.113541           -0.678340
H               -6.792675            1.838852           -1.606226
H               -5.410679            0.752026           -1.826706
C               -7.417010           -0.640574           -0.542612
H               -6.873955           -1.282602           -1.256743
H               -8.261676           -0.189459           -1.089365
H               -7.836488           -1.282816            0.249470
C               -7.364209            1.325432            0.997634
H               -7.779839            0.722913            1.819340
H               -8.198404            1.798066            0.454335
H               -6.750476            2.119563            1.451146
C               -6.539503            0.470086            0.046933
C               -5.415570           -0.197343            0.825040
C               -4.347515           -0.976703            0.054648
H               -4.629476           -1.219044           -0.986644
C               -3.049598           -0.214110            0.026130
C               -1.782586           -0.965188           -0.282589
C               -1.738758           -2.307277           -0.664794
H               -2.661192           -2.887207           -0.757470
O               -5.327539           -0.166998            2.025970
O               -2.993808            0.977293            0.229476
H               -4.202248           -1.934881            0.582147
Cu               3.309908            2.556667           -0.323482