51
 
C                5.208735           -2.485742            1.342217
H                5.637054           -1.970187            2.217862
H                5.484043           -3.551377            1.414258
H                4.110486           -2.422359            1.412528
C                5.106745           -2.609539           -1.161786
H                4.006038           -2.551790           -1.147013
H                5.381921           -3.677591           -1.152018
H                5.458257           -2.182939           -2.115993
C                7.261759           -2.086322           -0.018332
H                7.685369           -1.669767           -0.945066
H                7.510350           -3.159141            0.026031
H                7.757429           -1.579542            0.823762
C                5.751271           -1.903186            0.034082
C                5.413379           -0.418013           -0.023354
C                4.019758           -0.008223            0.006835
H                3.234076           -0.760556            0.075122
C                3.695288            1.322601           -0.040840
C                2.307989            1.839590           -0.012395
C                2.101169            3.226161            0.013159
H                2.972385            3.884888            0.010395
C                0.812851            3.754560            0.042290
H                0.669636            4.837437            0.064580
C                1.196840            0.996716           -0.013739
H                1.325629           -0.086719           -0.041100
O                6.314128            0.426162           -0.092638
O                4.606670            2.266641           -0.111714
H                5.498113            1.795994           -0.121196
C               -5.290199            1.462356            1.292040
H               -5.113483            0.862449            2.200123
H               -6.325541            1.838729            1.327938
H               -4.622086            2.335005            1.331162
C               -5.295382            1.505447           -1.225780
H               -4.628317            2.379716           -1.237424
H               -6.331159            1.881831           -1.245048
H               -5.121438            0.937270           -2.154567
C               -6.123565           -0.482511            0.001153
H               -6.096367           -1.082055           -0.941820
H               -7.139679           -0.057658            0.009288
H               -6.094127           -1.112457            0.923928
C               -5.080000            0.635032            0.018157
C               -3.646426            0.093812            0.006502
C               -2.573392            0.997607            0.017000
H               -2.790555            2.063911            0.032330
C               -1.233764            0.591230            0.005438
C               -0.105127            1.517362            0.012623
C               -0.287407            2.912159            0.042262
H               -1.288270            3.348772            0.065076
O               -3.430596           -1.169827           -0.012733
O               -0.914100           -0.676210           -0.014479
H               -1.747810           -1.207029           -0.019028
Cu              -4.878755           -2.449501           -0.034027