51
 
C               -3.965607            1.523653            1.757818
H               -3.272815            0.900409            2.348594
H               -4.524062            2.154927            2.467449
H               -3.372698            2.199460            1.120804
C               -5.868991            1.563591            0.106647
H               -5.310365            2.238102           -0.561706
H               -6.470541            2.199354            0.775510
H               -6.570123            0.969062           -0.501294
C               -5.815853           -0.158005            1.920513
H               -6.528753           -0.797701            1.378243
H               -6.390625            0.514712            2.575239
H               -5.197295           -0.808071            2.558109
C               -4.965352            0.668753            0.965455
C               -4.164645           -0.241832            0.067853
C               -3.237432            0.370995           -0.973360
H               -3.388820            1.451521           -1.045041
C               -1.772620            0.003246           -0.803549
C               -0.744793            1.037068           -0.686595
C               -1.017794            2.416109           -0.749235
H               -2.035756            2.787403           -0.891608
C                0.013217            3.341217           -0.645604
H               -0.206463            4.409948           -0.699496
C                0.588997            0.611777           -0.524725
H                0.785848           -0.462529           -0.487543
O               -4.250859           -1.462695            0.164407
O               -1.450980           -1.192932           -0.791032
H               -3.544947           -0.064227           -1.943506
C                5.569391            0.199402            1.895372
H                5.750498            1.234936            1.567650
H                6.251202           -0.019026            2.733898
H                4.542282            0.141729            2.294892
C                5.512882           -2.221638            1.243933
H                4.474052           -2.335983            1.598600
H                6.174844           -2.477233            2.088049
H                5.689264           -2.959544            0.443675
C                7.273285           -0.714498            0.312000
H                7.479273           -1.425033           -0.502394
H                7.946365           -0.941924            1.154465
H                7.514157            0.293211           -0.061680
C                5.822766           -0.797356            0.765226
C                4.912640           -0.527096           -0.424669
C                3.417594           -0.315922           -0.179370
H                3.062392           -0.714522            0.788998
C                3.067197            1.149502           -0.244957
C                1.621572            1.534264           -0.419980
C                1.322661            2.903947           -0.479870
H                2.154421            3.609974           -0.397111
O                5.300643           -0.507394           -1.564892
O                3.902611            2.016080           -0.148191
H                2.884363           -0.861304           -0.976341
Cu              -2.804197           -2.625696           -0.569870