51
 
C               -4.128395            2.438829            1.537698
H               -4.404470            1.867104            2.439242
H               -4.417569            3.489130            1.708007
H               -3.030745            2.412760            1.437319
C               -4.412969            2.691900           -0.943868
H               -3.321645            2.672972           -1.099313
H               -4.710602            3.747771           -0.832788
H               -4.895860            2.303926           -1.855982
C               -6.355452            2.038421            0.482295
H               -6.904251            1.653943           -0.390920
H               -6.622246            3.098436            0.620384
H               -6.703700            1.476153            1.362221
C               -4.850286            1.906120            0.296279
C               -4.485519            0.442167            0.103531
C               -3.084200            0.077477           -0.088005
H               -2.319306            0.854108           -0.109130
C               -2.739804           -1.233937           -0.271696
C               -1.349884           -1.690037           -0.497134
C               -1.135682           -3.013612           -0.904524
H               -2.001691           -3.663628           -1.045535
C                0.150909           -3.479858           -1.158514
H                0.295665           -4.487137           -1.559192
C               -0.244769           -0.847327           -0.289001
H               -0.388816            0.166751            0.094653
O               -5.354199           -0.433786            0.105342
O               -3.620608           -2.209332           -0.287752
H               -4.520129           -1.778532           -0.144116
C                4.987268            3.134532           -1.099664
H                5.856577            2.739208           -0.553734
H                5.179774            4.193653           -1.333124
H                4.894764            2.590164           -2.054073
C                2.540382            3.640205           -1.042307
H                2.397331            3.162683           -2.025592
H                2.751034            4.704680           -1.228447
H                1.592984            3.589453           -0.480507
C                3.881085            3.773078            1.062799
H                2.978272            3.698491            1.691389
H                4.061366            4.840016            0.857642
H                4.736859            3.384376            1.633777
C                3.700791            3.029981           -0.267370
C                3.482001            1.572454            0.039206
C                2.378415            0.831480           -0.386528
H                1.613387            1.307814           -0.998865
C                2.242776           -0.530893           -0.070983
C                1.048032           -1.313336           -0.490758
C                1.256299           -2.644071           -0.957220
H                2.240563           -2.933487           -1.365236
O                4.431921            1.027640            0.742647
O                3.110058           -1.182542            0.604271
H                4.227993            0.068507            0.887044
Cu               2.261762           -3.024710            0.851841