51
 
C                5.756521            2.050700           -0.050861
H                6.557953            1.497668           -0.567096
H                6.234830            2.844755            0.544250
H                5.130639            2.548919           -0.808365
C                3.822817            1.928906            1.560755
H                3.160824            2.429287            0.835666
H                4.259920            2.715198            2.196909
H                3.206846            1.285243            2.211744
C                5.888521            0.567943            1.959328
H                5.347711           -0.085130            2.661259
H                6.338329            1.390494            2.536156
H                6.703782           -0.020561            1.511554
C                4.961720            1.141774            0.896099
C                4.330646            0.023629            0.103575
C                3.357926            0.368673           -1.016628
H                3.756559           -0.123332           -1.924247
C                1.960880           -0.194923           -0.818777
C                0.786509            0.681115           -0.809066
C                0.841921            2.065924           -1.063696
H                1.786908            2.566291           -1.290415
C               -0.319271            2.824447           -1.051382
H               -0.271671            3.896801           -1.253899
C               -0.457509            0.088067           -0.545489
H               -0.531975           -0.984276           -0.345143
O                4.587780           -1.151242            0.348311
O                1.820074           -1.415467           -0.680206
H                3.349053            1.445111           -1.209724
C               -5.446775           -0.623576            2.002425
H               -4.836299           -1.526901            1.845394
H               -6.116262           -0.806088            2.859324
H               -4.771835            0.199438            2.293562
C               -7.069487            1.003617            0.995522
H               -6.418001            1.862504            1.230496
H               -7.754430            0.872394            1.849709
H               -7.679218            1.263323            0.114258
C               -7.250722           -1.432398            0.473268
H               -7.862125           -1.218729           -0.416290
H               -7.924220           -1.587881            1.331622
H               -6.709377           -2.372260            0.281632
C               -6.284558           -0.293919            0.766913
C               -5.391291           -0.073865           -0.445197
C               -4.204830            0.884085           -0.323158
H               -4.266129            1.566192            0.545055
C               -2.910244            0.117588           -0.232887
C               -1.625557            0.844811           -0.532601
C               -1.548127            2.218403           -0.789175
H               -2.453433            2.832326           -0.786020
O               -5.582042           -0.594750           -1.514450
O               -2.871022           -1.049117            0.079303
H               -4.203040            1.510932           -1.231209
Cu               3.349373           -2.602176           -0.253574