51
 
C               -4.674435           -2.344237           -1.755465
H               -5.397842           -1.770259           -2.357883
H               -4.775609           -3.406698           -2.034173
H               -3.660352           -2.019388           -2.041290
C               -3.912797           -2.960162            0.554819
H               -2.875727           -2.677411            0.309102
H               -4.017876           -4.037815            0.344735
H               -4.059397           -2.815861            1.638387
C               -6.343465           -2.688098            0.067486
H               -6.576770           -2.568916            1.137002
H               -6.419553           -3.757566           -0.187697
H               -7.112573           -2.140012           -0.497123
C               -4.946534           -2.176622           -0.257181
C               -4.853177           -0.692901            0.081932
C               -3.578304           -0.011801           -0.060120
H               -2.705965           -0.553462           -0.427498
C               -3.480821            1.327258            0.220633
C               -2.228270            2.104738            0.095667
C               -2.297405            3.504385            0.032217
H               -3.278426            3.982150            0.086074
C               -1.141164            4.267386           -0.101816
H               -1.211295            5.356201           -0.159368
C               -0.978367            1.490142            0.052368
H               -0.927427            0.402141            0.131577
O               -5.855489           -0.074085            0.456859
O               -4.509810            2.044534            0.608566
H               -5.295234            1.413878            0.642738
C                2.627511           -2.160305            1.701812
H                3.165345           -1.603797            2.487163
H                2.750279           -3.237221            1.902013
H                1.556993           -1.927711            1.799590
C                2.371344           -2.583981           -0.767169
H                1.295202           -2.362660           -0.717817
H                2.490332           -3.670135           -0.622340
H                2.719995           -2.334941           -1.783104
C                4.619643           -2.284847            0.231783
H                5.061943           -2.151356           -0.785576
H                4.688062           -3.370178            0.406154
H                5.249035           -1.847149            1.045029
C                3.162970           -1.825299            0.304467
C                3.015881           -0.319050            0.063925
C                1.737070            0.257530            0.090563
H                0.880560           -0.384149            0.288813
C                1.514102            1.625862           -0.105126
C                0.193952            2.249520           -0.072103
C                0.099804            3.650412           -0.158947
H                1.009838            4.245058           -0.259423
O                4.050323            0.405828           -0.154191
O                2.506652            2.446279           -0.326023
H                3.347395            1.926834           -0.321589
Cu               5.831739           -0.339641           -0.207712