51
 
C               -3.284437            2.860806            1.779282
H               -4.026653            2.405595            2.455461
H               -3.312465            3.950318            1.941941
H               -2.282665            2.514208            2.078517
C               -2.532341            3.175491           -0.602499
H               -1.514978            2.827840           -0.361776
H               -2.537365            4.271069           -0.484384
H               -2.730760            2.956267           -1.664512
C               -4.965223            3.181255           -0.038267
H               -5.240240            2.993668           -1.087517
H               -4.925368            4.270900            0.113503
H               -5.767940            2.777376            0.597348
C               -3.611780            2.573395            0.307390
C               -3.650551            1.069703            0.100718
C               -2.423885            0.328516            0.355391
H               -1.601245            0.911223            0.773986
C               -2.100831           -0.972984            0.133461
C               -0.754500           -1.516991            0.353539
C               -0.584346           -2.834747            0.818390
H               -1.450017           -3.452143            1.085147
C                0.691625           -3.351217            1.003280
H                0.817098           -4.368449            1.381653
C                0.374435           -0.738483            0.086596
H                0.291729            0.283725           -0.296790
O               -4.716164            0.544595           -0.271571
O               -3.009794           -1.893729           -0.317918
H               -2.543597           -2.705404           -0.582097
C                5.368563            1.698905            1.058315
H                4.596113            2.329161            0.589715
H                6.071325            2.358324            1.594046
H                4.879431            1.066842            1.819133
C                7.155057           -0.027230            0.703962
H                6.691978           -0.716225            1.430693
H                7.882077            0.589221            1.258381
H                7.716667           -0.626994           -0.031382
C                6.848555            1.817373           -0.952490
H                7.400457            1.252221           -1.718569
H                7.562496            2.454241           -0.405504
H                6.132927            2.469585           -1.477477
C                6.133253            0.885046            0.014307
C                5.183013           -0.009880           -0.767369
C                4.207230           -0.900881            0.003521
H                4.472292           -1.044402            1.067328
C                2.809249           -0.343266           -0.065254
C                1.657340           -1.257041            0.261632
C                1.810157           -2.568895            0.719799
H                2.807938           -2.992166            0.864300
O                5.171675           -0.077941           -1.970062
O                2.585886            0.807126           -0.362246
H                4.232212           -1.894992           -0.474673
Cu              -4.960612           -1.321885           -0.646011