51
 
C                5.908358            1.509866           -0.201678
H                6.579446            0.842412           -0.766284
H                6.541451            2.200835            0.377313
H                5.336938            2.120721           -0.918684
C                4.070239            1.676739            1.514894
H                3.472397            2.306353            0.836629
H                4.667245            2.356121            2.144126
H                3.383047            1.130770            2.183557
C                5.893056           -0.021891            1.776031
H                5.287260           -0.590687            2.498002
H                6.505145            0.699383            2.338786
H                6.572304           -0.728258            1.274977
C                5.021893            0.725427            0.775175
C                4.174254           -0.251632           -0.001008
C                3.210092            0.276940           -1.056445
H                3.481047           -0.241694           -1.995878
C                1.752853           -0.066770           -0.799120
C                0.737746            0.980451           -0.691436
C                1.010890            2.349892           -0.864809
H                2.016370            2.701276           -1.109582
C               -0.004865            3.289301           -0.740591
H                0.214471            4.350352           -0.879973
C               -0.581249            0.578685           -0.401144
H               -0.778864           -0.488986           -0.277995
O                4.254252           -1.459921            0.200233
O                1.426439           -1.257384           -0.695344
H                3.361875            1.346780           -1.224252
C               -6.080084            0.185658           -1.127278
H               -6.132859            1.236740           -0.803206
H               -6.997249           -0.045213           -1.693946
H               -5.236282            0.086691           -1.831558
C               -5.844439           -2.210653           -0.427315
H               -4.974031           -2.361308           -1.088873
H               -6.743331           -2.481038           -1.006008
H               -5.764428           -2.915128            0.417297
C               -7.201479           -0.630472            0.951746
H               -7.148297           -1.309138            1.816109
H               -8.109854           -0.868737            0.375067
H               -7.298650            0.394484            1.343137
C               -5.971181           -0.763199            0.065621
C               -4.727109           -0.472124            0.892453
C               -3.386216           -0.301952            0.176745
H               -3.357383           -0.750363           -0.833707
C               -3.023625            1.156885            0.055263
C               -1.597030            1.516004           -0.267694
C               -1.297760            2.876320           -0.438706
H               -2.115432            3.594807           -0.327490
O               -4.730977           -0.405470            2.095448
O               -3.839302            2.037029            0.190433
H               -2.631454           -0.822849            0.789627
Cu               2.779302           -2.672386           -0.383020