51
 
C               -2.442243            3.396334            0.927390
H               -3.345001            3.615656            1.520473
H               -2.031354            4.357922            0.580800
H               -1.686633            2.942910            1.588608
C               -1.491166            2.244619           -1.101424
H               -0.660017            1.874008           -0.480748
H               -1.144704            3.183048           -1.562708
H               -1.670714            1.526735           -1.920168
C               -3.782056            3.257159           -1.182358
H               -4.033088            2.668301           -2.078263
H               -3.359385            4.217883           -1.513669
H               -4.717777            3.464133           -0.641392
C               -2.769570            2.535942           -0.302058
C               -3.347939            1.227570            0.175519
C               -2.495209            0.309209            1.044947
H               -3.054628            0.200212            1.993674
C               -2.332405           -1.095844            0.494687
C               -1.009466           -1.612741            0.141454
C               -0.915780           -2.924070           -0.371529
H               -1.824548           -3.523603           -0.463178
C                0.312587           -3.436097           -0.753752
H                0.382506           -4.452868           -1.147162
C                0.156067           -0.849614            0.265676
H                0.167866            0.162334            0.678064
O               -4.500157            0.905088           -0.100278
O               -3.335339           -1.806352            0.344330
H               -1.536539            0.775693            1.288207
C                5.370308            0.558455            1.779323
H                4.606783            1.347063            1.873123
H                6.170154            0.766983            2.508987
H                4.910508           -0.400424            2.073712
C                6.975420           -0.625299            0.256397
H                6.534147           -1.609140            0.489663
H                7.799296           -0.461666            0.970769
H                7.413768           -0.673901           -0.754204
C                6.654171            1.844403            0.062844
H                7.085445            1.844155           -0.949558
H                7.464111            2.026970            0.787477
H                5.943865            2.684419            0.117058
C                5.965542            0.522955            0.371303
C                4.874596            0.276476           -0.659630
C                3.920491           -0.901773           -0.455299
H                4.278342           -1.653762            0.272022
C                2.566282           -0.419112           -0.008325
C                1.391590           -1.349692           -0.140852
C                1.463496           -2.650205           -0.647840
H                2.423919           -3.065363           -0.967077
O                4.729271            0.948244           -1.649147
O                2.394292            0.686110            0.454530
H                3.826813           -1.412684           -1.428886
Cu              -5.125379           -0.969717            0.185864