51
 
C               -3.778382            3.020461            1.608095
H               -4.843040            2.743604            1.531541
H               -3.737238            4.098528            1.830573
H               -3.347236            2.479926            2.465682
C               -1.545229            3.180970            0.512508
H               -1.077436            2.707846            1.390348
H               -1.523413            4.267213            0.688458
H               -0.927806            2.976088           -0.377181
C               -3.594632            3.520548           -0.851429
H               -3.095977            3.285592           -1.805772
H               -3.474831            4.598612           -0.664714
H               -4.684345            3.375030           -0.982479
C               -2.989145            2.733638            0.320338
C               -3.096185            1.247231            0.036234
C               -2.084869            0.354471            0.176347
H               -1.148620            0.804432            0.499483
C               -2.057334           -1.092582            0.002027
C               -0.769384           -1.796288            0.140090
C               -0.797177           -3.197246            0.256014
H               -1.763244           -3.706582            0.240705
C                0.380417           -3.916958            0.401249
H                0.347452           -5.004307            0.503497
C                0.471473           -1.138190            0.151186
H                0.522892           -0.053362            0.032708
O               -4.351548            0.863563           -0.345166
O               -3.071540           -1.786030           -0.233726
H               -4.893134            1.654628           -0.510245
C                5.640439           -0.087263           -1.549528
H                5.911028           -1.027461           -1.044714
H                6.421783            0.140314           -2.293432
H                4.705410           -0.256961           -2.110512
C                5.112395            2.349491           -1.291970
H                4.147836            2.239569           -1.817290
H                5.869737            2.604440           -2.051974
H                5.034017            3.201201           -0.595852
C                6.876673            1.293673            0.126310
H                6.826635            2.127679            0.841991
H                7.650958            1.520785           -0.624327
H                7.188960            0.397507            0.685583
C                5.535535            1.069690           -0.557893
C                4.471752            0.814854            0.501568
C                3.107832            0.277449            0.069960
H                2.864805            0.477355           -0.990121
C                3.014825           -1.212629            0.304365
C                1.657329           -1.856793            0.286804
C                1.601294           -3.250670            0.420195
H                2.546007           -3.789536            0.537641
O                4.632218            1.064472            1.669639
O                3.998748           -1.889763            0.486121
H                2.357576            0.798291            0.688397
Cu              -4.844399           -1.122811           -0.519233