51
 
C               -3.708236            2.885485            0.193236
H               -2.962296            2.723646            0.989413
H               -4.105412            3.904865            0.321022
H               -3.197900            2.854352           -0.784001
C               -5.866951            2.180960           -0.840498
H               -5.403724            2.092406           -1.837408
H               -6.242875            3.211028           -0.731555
H               -6.725371            1.494650           -0.796331
C               -5.538605            1.999916            1.639340
H               -6.393292            1.312413            1.720794
H               -5.908831            3.028157            1.780288
H               -4.835355            1.776941            2.459199
C               -4.854112            1.885550            0.272163
C               -4.386331            0.459658            0.105721
C               -3.070041            0.076505           -0.098022
H               -2.302515            0.845012           -0.163742
C               -2.748038           -1.305078           -0.261497
C               -1.318800           -1.717023           -0.502682
C               -1.096714           -3.035896           -0.912075
H               -1.969642           -3.682004           -1.038116
C                0.191771           -3.491697           -1.174284
H                0.347515           -4.496316           -1.577671
C               -0.227539           -0.861671           -0.298679
H               -0.381242            0.152417            0.081602
O               -5.347322           -0.420918            0.169510
O               -3.595634           -2.210565           -0.232145
H               -4.945112           -1.327769            0.036308
C                4.981963            3.177110           -1.069181
H                5.849068            2.789873           -0.514081
H                5.162847            4.240521           -1.292143
H                4.910571            2.638676           -2.028740
C                2.527634            3.647524           -1.043159
H                2.402596            3.171820           -2.029783
H                2.727744            4.715182           -1.222659
H                1.573899            3.583392           -0.493573
C                3.836330            3.784511            1.081665
H                2.925996            3.691960            1.696917
H                4.003524            4.855499            0.886595
H                4.689817            3.404302            1.661786
C                3.685670            3.048266           -0.256200
C                3.481942            1.586318            0.039885
C                2.386511            0.836949           -0.391534
H                1.617971            1.308569           -1.003100
C                2.261406           -0.527380           -0.079630
C                1.072629           -1.317463           -0.500453
C                1.288344           -2.642982           -0.973292
H                2.277589           -2.926074           -1.373693
O                4.435696            1.047409            0.742934
O                3.133253           -1.173570            0.595593
H                4.240297            0.085819            0.882888
Cu               2.284247           -3.013985            0.847507