51
 
C                2.975420           -2.589360           -0.954242
H                1.950714           -2.497179           -0.539253
H                3.192767           -3.667163           -1.011965
H                2.970749           -2.205383           -1.987697
C                5.409269           -2.103011           -0.695636
H                5.467890           -1.655796           -1.701605
H                5.621013           -3.179511           -0.791271
H                6.192487           -1.652974           -0.068321
C                3.979736           -2.531695            1.326642
H                4.744521           -2.097492            1.986366
H                4.162842           -3.615187            1.253319
H                2.991619           -2.386516            1.798047
C                4.017594           -1.911726           -0.075217
C                3.791469           -0.426605            0.070367
C                2.759421            0.279948           -0.564663
H                2.381285           -0.156002           -1.500641
C                2.657408            1.755723           -0.369833
C                1.305690            2.369831           -0.535878
C                0.999083            3.584460            0.088520
H                1.816367            4.247529            0.387270
C               -0.325186            3.885460            0.409328
H               -0.562457            4.837574            0.890329
C                0.252540            1.524522           -0.886836
H                0.419608            0.655548           -1.532619
O                4.621252            0.160618            0.875810
O                3.563225            2.386835            0.159645
H                4.494006            1.148557            0.803035
C               -5.894177           -1.293521            1.402269
H               -5.469742           -2.274175            1.663100
H               -6.992098           -1.381791            1.405986
H               -5.611386           -0.570307            2.185101
C               -6.086830            0.507374           -0.319391
H               -5.850357            1.285716            0.424715
H               -7.180711            0.382166           -0.321024
H               -5.800621            0.873021           -1.319277
C               -5.820408           -1.869922           -1.040710
H               -5.482126           -1.569451           -2.046237
H               -6.917524           -1.964098           -1.068709
H               -5.396522           -2.858375           -0.810006
C               -5.431908           -0.826214            0.015453
C               -3.929041           -0.736571            0.039652
C               -3.199852            0.421755           -0.221898
H               -3.724028            1.340430           -0.484249
C               -1.794294            0.443846           -0.171010
C               -1.021538            1.698521           -0.348309
C               -1.324372            2.918216            0.266402
H               -2.313706            3.084736            0.703894
O               -3.332223           -1.858303            0.329774
O               -1.095359           -0.600426            0.090505
H               -2.351526           -1.712311            0.314934
Cu               0.940401           -0.473364            0.176236