51
 
C               -6.443360           -0.577970            1.464358
H               -6.154371           -1.466898            2.049201
H               -7.516687           -0.397644            1.640627
H               -5.895294            0.290201            1.865543
C               -6.572042            0.473527           -0.812001
H               -6.027905            1.365599           -0.460973
H               -7.648494            0.677957           -0.689330
H               -6.376691            0.353521           -1.890572
C               -7.046068           -1.961292           -0.525470
H               -6.888077           -2.148177           -1.598752
H               -8.114055           -1.743529           -0.365004
H               -6.797843           -2.890621            0.009686
C               -6.203051           -0.793012           -0.033344
C               -4.730085           -1.097125           -0.254391
C               -3.731325           -0.106711            0.140092
H               -4.049121            0.833246            0.591102
C               -2.401958           -0.369130           -0.044666
C               -1.318070            0.564501            0.335848
C               -1.565109            1.843606            0.852698
H               -2.590975            2.191156            0.992627
C               -0.514813            2.676915            1.219043
H               -0.725280            3.640692            1.690688
C                0.010408            0.145967            0.150928
H                0.193099           -0.836862           -0.291624
O               -4.371007           -2.165351           -0.758173
O               -1.964089           -1.492611           -0.573080
H               -2.785223           -2.041736           -0.779294
C                6.152849           -2.154865            1.055182
H                6.889475           -1.477873            0.598058
H                6.633509           -3.134171            1.207274
H                5.877883           -1.756942            2.046027
C                3.957316           -3.324063            0.810798
H                3.644353           -3.001431            1.817432
H                4.462430           -4.295597            0.925238
H                3.058019           -3.496032            0.196730
C                5.345363           -2.861849           -1.215671
H                4.478937           -2.983965           -1.886557
H                5.817943           -3.849108           -1.093103
H                6.070778           -2.191584           -1.699675
C                4.917678           -2.336303            0.161529
C                4.296654           -0.979670           -0.037507
C                2.997565           -0.640972            0.344670
H                2.370985           -1.381273            0.840924
C                2.475992            0.642403            0.115852
C                1.071670            0.982686            0.475686
C                0.813048            2.265014            1.036509
H                1.626573            2.823200            1.532731
O                5.081816           -0.111693           -0.607402
O                3.146077            1.585540           -0.428086
H                4.608284            0.754229           -0.695981
Cu               1.779979            3.078849           -0.657240