51
 
C               -7.404630            0.676964            1.234845
H               -7.199241            0.151650            2.182461
H               -8.453225            1.017362            1.262462
H               -6.768899            1.576450            1.197855
C               -7.438108            0.528334           -1.269796
H               -6.791556            1.416225           -1.361474
H               -8.484058            0.876336           -1.304090
H               -7.269041           -0.110541           -2.152571
C               -8.165581           -1.417843            0.112789
H               -8.037414           -2.105701           -0.736912
H               -9.203302           -1.046913            0.106723
H               -8.011495           -2.002270            1.033047
C               -7.197951           -0.245245            0.030195
C               -5.765282           -0.762624            0.032675
C               -4.668177            0.190247           -0.004498
H               -4.878395            1.259340           -0.029906
C               -3.372926           -0.256118           -0.005453
C               -2.190090            0.633188           -0.036828
C               -2.292433            2.030349           -0.065195
H               -3.274549            2.509393           -0.066917
C               -1.152152            2.827935           -0.091939
H               -1.250990            3.915609           -0.116851
C               -0.919590            0.055590           -0.036455
H               -0.837692           -1.032221           -0.014610
O               -5.537849           -1.978259            0.061049
O               -3.070593           -1.536225            0.023881
H               -3.951028           -2.028507            0.044375
C                5.342270            1.991814           -1.143381
H                5.318665            1.425560           -2.089146
H                6.273435            2.581185           -1.121879
H                4.504024            2.703523           -1.157397
C                5.279844            1.878765            1.371418
H                4.438903            2.586605            1.408179
H                6.209063            2.466615            1.448510
H                5.211843            1.229566            2.260058
C                6.544263            0.193101            0.065701
H                6.626870           -0.451967            0.974674
H                7.445578            0.824387            0.111957
H                6.667044           -0.375715           -0.888052
C                5.285638            1.061546            0.074005
C                4.002596            0.226234            0.007351
C                2.759920            0.877489           -0.001464
H                2.740901            1.964929            0.043448
C                1.540824            0.190500           -0.052997
C                0.236551            0.849261           -0.059322
C                0.108583            2.247923           -0.087897
H                0.987836            2.895462           -0.114652
O                4.065094           -1.053228           -0.036218
O                1.501833           -1.113776           -0.094309
H                2.428939           -1.454762           -0.081752
Cu               5.747879           -2.000144           -0.031562