51
 
C               -7.178715            0.165344            1.254802
H               -6.897015           -0.378630            2.171753
H               -8.268943            0.328628            1.284890
H               -6.696915            1.156158            1.283311
C               -7.178662            0.166972           -1.254497
H               -6.697278            1.158032           -1.281524
H               -8.268938            0.329900           -1.284568
H               -6.896595           -0.375563           -2.172192
C               -7.571105           -1.955350           -0.001251
H               -7.324809           -2.558952           -0.888337
H               -8.656492           -1.764820           -0.001219
H               -7.324923           -2.560048            0.885106
C               -6.815587           -0.633597           -0.000392
C               -5.316411           -0.900066           -0.000127
C               -4.397716            0.226196           -0.000352
H               -4.787405            1.243943           -0.001086
C               -3.045674            0.007921            0.000240
C               -2.031237            1.084572            0.000069
C               -2.367878            2.445780            0.000134
H               -3.417071            2.751001            0.000158
C               -1.379134            3.424023            0.000162
H               -1.660453            4.479683            0.000250
C               -0.682371            0.730535           -0.000006
H               -0.446423           -0.334947           -0.000054
O               -4.884468           -2.059854            0.000654
O               -2.532149           -1.205630            0.001033
H               -3.320971           -1.837086            0.001076
C                3.416001           -2.453271            1.259088
H                3.783778           -1.966490            2.177548
H                3.724118           -3.511174            1.286617
H                2.316800           -2.431008            1.284034
C                3.415738           -2.453320           -1.258995
H                2.316529           -2.431206           -1.283665
H                3.723947           -3.511193           -1.286613
H                3.783228           -1.966504           -2.177552
C                5.494000           -1.961996           -0.000188
H                5.973318           -1.575870           -0.933304
H                5.751540           -3.032857           -0.000266
H                5.973514           -1.575924            0.932831
C                3.975646           -1.780381           -0.000022
C                3.565574           -0.304140            0.000057
C                2.202040            0.026333           -0.000083
H                1.469188           -0.778427           -0.000249
C                1.738636            1.346288            0.000060
C                0.323119            1.707464            0.000028
C               -0.037823            3.065173            0.000140
H                0.739810            3.831489            0.000248
O                4.456881            0.617314            0.000296
O                2.568144            2.356411            0.000222
H                3.490119            2.000992            0.000283
Cu               6.344153            0.204072           -0.000287