51
 
C               -6.038046           -0.058086            1.750005
H               -6.127337           -1.157061            1.735368
H               -7.032419            0.346060            1.997564
H               -5.347789            0.216245            2.563573
C               -5.515195            2.043680            0.516657
H               -4.872359            2.376802            1.346692
H               -6.525865            2.427456            0.723267
H               -5.166564            2.513230           -0.417436
C               -6.561475            0.148425           -0.703105
H               -6.220930            0.493981           -1.692654
H               -7.533513            0.621737           -0.496660
H               -6.781259           -0.934711           -0.768973
C               -5.569189            0.524973            0.407149
C               -4.212484           -0.075826            0.091369
C               -3.036302            0.598071            0.124118
H               -3.143445            1.649532            0.381804
C               -1.670078            0.148394           -0.113440
C               -0.596148            1.155958           -0.171911
C               -0.837085            2.538292           -0.250217
H               -1.855441            2.933389           -0.273330
C                0.222303            3.434219           -0.333974
H                0.023585            4.506255           -0.404150
C                0.732673            0.697281           -0.182066
H                0.904200           -0.380316           -0.128373
O               -4.273768           -1.409190           -0.205850
O               -1.346393           -1.052149           -0.256177
H               -5.203729           -1.670972           -0.319862
C                5.895143            0.279568            1.654199
H                6.052915            1.286747            1.238176
H                6.656655            0.106500            2.432641
H                4.913817            0.267650            2.158861
C                5.749517           -2.178638            1.184876
H                4.751190           -2.251106            1.649887
H                6.492212           -2.385088            1.973546
H                5.836328           -2.972785            0.424675
C                7.416806           -0.768680           -0.027679
H                7.532556           -1.540160           -0.803445
H                8.171746           -0.943176            0.756098
H                7.624533            0.205413           -0.498209
C                6.020172           -0.796005            0.576691
C                4.993044           -0.603872           -0.531635
C                3.541797           -0.314881           -0.152649
H                3.271797           -0.648427            0.866276
C                3.236284            1.159209           -0.267831
C                1.795857            1.589916           -0.257997
C                1.530394            2.964892           -0.333615
H                2.383120            3.647219           -0.396475
O                5.259025           -0.712507           -1.701937
O                4.109443            1.989848           -0.354301
H                2.909653           -0.876183           -0.861462
Cu              -2.561656           -2.527159           -0.376378