51
 
C               -2.111715            3.409971            1.257349
H               -3.144440            3.672066            1.538714
H               -1.547364            4.349376            1.141664
H               -1.650391            2.850511            2.087732
C               -0.621328            2.332300           -0.458884
H               -0.031872            1.938456            0.385569
H               -0.127480            3.265032           -0.774113
H               -0.553433            1.625690           -1.304500
C               -2.731778            3.481808           -1.169224
H               -2.727545            2.957642           -2.138133
H               -2.180180            4.426490           -1.291018
H               -3.774931            3.725326           -0.920844
C               -2.071774            2.646555           -0.078743
C               -2.863557            1.381152            0.149277
C               -2.284492            0.286909            1.039033
H               -2.957929            0.241678            1.916803
C               -2.315787           -1.108417            0.439204
C               -1.082354           -1.853313            0.198518
C               -1.189067           -3.209409           -0.168474
H               -2.182085           -3.659109           -0.242555
C               -0.049370           -3.958400           -0.418362
H               -0.136519           -5.012713           -0.691257
C                0.191924           -1.268711            0.297050
H                0.296371           -0.216589            0.567972
O               -3.996183            1.261161           -0.307880
O               -3.412092           -1.622026            0.176265
H               -1.294462            0.559776            1.416679
C                5.080007            0.261376           -1.669569
H                5.385943           -0.791423           -1.567578
H                5.735421            0.737201           -2.417613
H                4.056656            0.282338           -2.082556
C                4.721587            2.457744           -0.513958
H                3.678467            2.522564           -0.870334
H                5.352468            2.967558           -1.261008
H                4.801127            3.018844            0.432070
C                6.646593            1.002699            0.131062
H                6.758933            1.542241            1.083217
H                7.293542            1.481552           -0.621630
H                7.004855           -0.026436            0.291212
C                5.200296            1.009617           -0.343119
C                4.319654            0.388347            0.732175
C                2.871834            0.036734            0.387711
H                2.466446            0.605191           -0.470309
C                2.724955           -1.437602            0.092468
C                1.336846           -2.013045            0.029821
C                1.206255           -3.363625           -0.320598
H                2.122885           -3.929161           -0.513634
O                4.688714            0.198286            1.862767
O                3.678060           -2.149312           -0.112810
H                2.268174            0.294817            1.275266
Cu              -4.981140           -0.476894           -0.192861