50
 
C               -3.894110            2.874298            1.693851
H               -4.944346            2.548420            1.610800
H               -3.903655            3.944436            1.955075
H               -3.432811            2.324354            2.529372
C               -1.675617            3.175978            0.596013
H               -1.181345            2.691500            1.452703
H               -1.700620            4.254762            0.812669
H               -1.055561            3.031236           -0.303479
C               -3.746978            3.472707           -0.745576
H               -3.245557            3.295066           -1.710820
H               -3.674235            4.547669           -0.520632
H               -4.830879            3.285121           -0.874989
C               -3.099280            2.671999            0.393678
C               -3.135914            1.195050            0.055240
C               -2.094563            0.335020            0.173919
H               -1.175754            0.801271            0.524579
C               -2.033098           -1.102630           -0.044283
C               -0.749812           -1.798913            0.127066
C               -0.768049           -3.200843            0.233944
H               -1.726033           -3.721865            0.173158
C                0.409384           -3.906396            0.437922
H                0.383415           -4.993981            0.540143
C                0.483185           -1.128640            0.186763
H                0.530894           -0.040444            0.089965
O               -4.374259            0.770382           -0.351083
O               -3.037007           -1.792520           -0.344882
H               -4.949045            1.542331           -0.497036
C                6.035127           -0.336900           -1.001921
H                6.331036           -0.922843           -0.117452
H                6.901430           -0.267268           -1.680216
H                5.244935           -0.899089           -1.529723
C                5.100135            1.815722           -1.870337
H                4.301909            1.270594           -2.403090
H                5.943313            1.925379           -2.572118
H                4.734490            2.827388           -1.625865
C                6.690049            1.839496            0.068567
H                6.362794            2.850297            0.357203
H                7.554655            1.933819           -0.608257
H                7.022588            1.326045            0.984288
C                5.573628            1.069414           -0.617201
C                4.386661            0.961951            0.315348
C                3.198765            0.144045           -0.097708
H                2.451147            0.599431           -0.759240
C                3.002397           -1.160070            0.495490
C                1.668483           -1.834770            0.374409
C                1.620586           -3.226456            0.523735
H                2.559485           -3.755980            0.709654
O                4.289018            1.521646            1.381700
O                3.923004           -1.729929            1.069911
Ni              -4.740507           -1.132667           -0.656263