50
 
C                2.772028            3.150430           -0.982657
H                3.069482            2.835428           -1.996157
H                2.848208            4.248881           -0.939550
H                1.712454            2.890099           -0.835916
C                3.214079            2.959326            1.486001
H                2.166090            2.682122            1.679304
H                3.289018            4.054757            1.579982
H                3.842328            2.513862            2.274774
C                5.114237            3.048665           -0.129817
H                5.809068            2.653383            0.626887
H                5.124890            4.146929           -0.056236
H                5.499669            2.773175           -1.123669
C                3.690432            2.547486            0.086659
C                3.637467            1.028852           -0.006967
C                2.407496            0.358480            0.115998
H                1.542088            0.990691            0.310008
C                2.164422           -1.021191           -0.015644
C                0.797232           -1.566203            0.051859
C                0.618998           -2.961575            0.091300
H                1.494585           -3.613625            0.069561
C               -0.654681           -3.505761            0.165113
H               -0.782845           -4.590197            0.200222
C               -0.332040           -0.741584            0.073561
H               -0.272022            0.348842            0.022889
O                4.763764            0.435123           -0.198699
O                3.098918           -1.898656           -0.204206
C               -5.253478            1.120996           -1.682064
H               -4.464814            1.866621           -1.494976
H               -5.936334            1.527968           -2.446206
H               -4.782028            0.224380           -2.119220
C               -7.096662           -0.265715           -0.691768
H               -6.657012           -1.200176           -1.079573
H               -7.803722            0.102405           -1.453770
H               -7.675927           -0.505482            0.215164
C               -6.727877            2.077150            0.096028
H               -7.303865            1.879578            1.012424
H               -7.414946            2.468576           -0.671491
H               -5.989714            2.859823            0.332223
C               -6.045290            0.815399           -0.411796
C               -5.133185            0.267611            0.680680
C               -4.156578           -0.854188            0.333514
H               -4.429838           -1.412845           -0.579982
C               -2.758762           -0.309672            0.169215
C               -1.614954           -1.282539            0.150054
C               -1.771234           -2.671302            0.199445
H               -2.768749           -3.115439            0.261489
O               -5.166213            0.655251            1.820475
O               -2.543474            0.874888            0.050212
H               -4.173356           -1.570764            1.172616
Ni               4.842979           -1.384279           -0.191976