50
 
C                5.400631           -1.528848            1.811630
H                5.296079           -0.769345            2.603664
H                6.287857           -2.137475            2.050030
H                4.525582           -2.196698            1.855067
C                5.701282           -1.963461           -0.648054
H                4.838241           -2.648171           -0.659899
H                6.597744           -2.575396           -0.457872
H                5.807849           -1.522416           -1.652763
C                6.875067           -0.049818            0.443439
H                7.051080            0.436895           -0.528235
H                7.735030           -0.702631            0.658503
H                6.843112            0.736626            1.212713
C                5.598364           -0.881227            0.434102
C                4.403903            0.007082            0.142137
C                3.095778           -0.613960            0.052947
H                3.060381           -1.684264            0.263372
C                1.884103           -0.070775           -0.246036
C                0.640637           -0.841620           -0.354067
C                0.646593           -2.185767           -0.764155
H                1.585597           -2.672897           -1.041243
C               -0.547223           -2.886078           -0.859720
H               -0.539106           -3.927419           -1.190246
C               -0.580783           -0.230401           -0.053441
H               -0.662683            0.801620            0.312923
O                4.588763            1.233581           -0.000941
O                1.726418            1.272092           -0.462280
H                0.813353            1.450702           -0.751999
C               -5.959172            1.358622           -1.088718
H               -5.506732            2.226702           -0.582863
H               -6.738597            1.726967           -1.776006
H               -5.178293            0.874686           -1.701476
C               -7.157411           -0.823291           -0.829238
H               -6.404621           -1.318761           -1.466262
H               -7.974349           -0.491730           -1.490919
H               -7.574587           -1.570031           -0.132918
C               -7.659820            1.072165            0.736838
H               -8.104209            0.382850            1.471563
H               -8.461917            1.439133            0.076186
H               -7.250910            1.928891            1.294657
C               -6.581503            0.385246           -0.084476
C               -5.483575           -0.105693            0.833031
C               -4.305666           -0.824738            0.242846
H               -4.414127           -1.890398            0.009896
C               -3.028160           -0.159402            0.207870
C               -1.785458           -0.928781           -0.148188
C               -1.758348           -2.265789           -0.550593
H               -2.683711           -2.841221           -0.636256
O               -5.473472            0.011725            2.034304
O               -2.933354            1.038856            0.461498
Ni               3.263917            2.489748           -0.345328