50
 
C                5.969450            1.355715           -0.560053
H                6.511967            0.645573           -1.205155
H                6.718366            2.014969           -0.093268
H                5.333314            1.991738           -1.195955
C                4.408949            1.645605            1.397864
H                3.735213            2.280722            0.800356
H                3.816049            1.146847            2.182911
H                5.124106            2.315249            1.901989
C                6.160682           -0.145497            1.432719
H                5.636858           -0.669301            2.246787
H                6.884558            0.549535            1.884931
H                6.723034           -0.895306            0.855333
C                5.194651            0.633267            0.549864
C                4.188267           -0.302205           -0.066375
C                3.146905            0.246376           -1.027146
H                3.336244           -0.273839           -1.987198
C                1.709440           -0.076315           -0.671163
C                0.700750            0.971062           -0.561937
C                0.984542            2.339736           -0.728050
H                1.992118            2.685470           -0.971971
C               -0.022473            3.284915           -0.582365
H                0.204257            4.345989           -0.709370
C               -0.619295            0.577756           -0.262835
H               -0.819933           -0.488232           -0.129681
O                4.201548           -1.506659            0.185997
O                1.393893           -1.266210           -0.502059
H                3.301325            1.313233           -1.211364
C               -6.208035            0.474169           -0.990508
H               -6.336335            1.397220           -0.403161
H               -7.098566            0.340724           -1.626491
H               -5.342273            0.615521           -1.661405
C               -5.781121           -1.991789           -0.949396
H               -4.904349           -1.869014           -1.608644
H               -6.653649           -2.173865           -1.598251
H               -5.631688           -2.890465           -0.327710
C               -7.259114           -0.953118            0.790431
H               -7.136239           -1.823847            1.452665
H               -8.151408           -1.115108            0.164289
H               -7.440424           -0.074755            1.429611
C               -6.036292           -0.748374           -0.088586
C               -4.814833           -0.556012            0.782703
C               -3.505946           -0.186793            0.146424
H               -2.878338           -0.988547           -0.260624
C               -3.045485            1.176090            0.248432
C               -1.627913            1.520363           -0.116481
C               -1.315508            2.879976           -0.269285
H               -2.121454            3.606415           -0.129544
O               -4.781367           -0.712817            1.979470
O               -3.803943            2.069261            0.610406
Ni               2.705374           -2.625896           -0.244113