50
 
C                5.564252           -1.577119           -1.558222
H                4.919015           -2.408634           -1.231903
H                6.228759           -1.947516           -2.356406
H                4.917986           -0.797682           -1.998730
C                7.251104            0.146902           -0.890803
H                6.635988            0.935674           -1.356783
H                7.963647           -0.203031           -1.655800
H                7.836199            0.596497           -0.070920
C                7.294586           -2.122207            0.177202
H                7.895307           -1.744008            1.019022
H                7.981352           -2.501482           -0.596927
H                6.695850           -2.966066            0.553880
C                6.406364           -1.033444           -0.401409
C                5.461015           -0.530177            0.669760
C                4.482984            0.551225            0.319382
H                4.843426            1.585380            0.275252
C                3.080058            0.219801            0.233954
C                2.051165            1.310685            0.143670
C                2.341342            2.679303            0.123934
H                3.376044            3.029037            0.173340
C                1.315941            3.620732            0.042790
H                1.555972            4.686446            0.026480
C                0.719635            0.903932            0.087100
H                0.544837           -0.175020            0.105840
O                5.437156           -0.922654            1.811275
O                2.718002           -0.953553            0.226023
C               -3.219150           -2.528878           -1.101303
H               -3.549968           -2.112919           -2.067390
H               -3.511205           -3.591235           -1.068177
H               -2.120214           -2.489062           -1.074947
C               -3.337366           -2.354106            1.407203
H               -2.240528           -2.312308            1.478547
H               -3.633065           -3.412351            1.494828
H               -3.753517           -1.809804            2.271088
C               -5.363755           -1.968693            0.021816
H               -5.875901           -1.517397            0.922106
H               -5.640888           -3.031808            0.082059
H               -5.787155           -1.647734           -0.975281
C               -3.845496           -1.781316            0.080173
C               -3.476866           -0.300268           -0.005443
C               -2.129664            0.084952            0.032170
H               -1.368789           -0.688188            0.125396
C               -1.719304            1.419551           -0.034279
C               -0.319749            1.837277            0.012530
C               -0.007382            3.208999           -0.012965
H               -0.812368            3.944383           -0.072618
O               -4.410594            0.574831           -0.109432
O               -2.585019            2.393416           -0.139229
H               -3.492885            2.005611           -0.157586
Ni              -6.220805           -0.031643           -0.151323