50
 
C               -3.824621            2.947349            0.386982
H               -3.160954            2.697313            1.231599
H               -4.227763            3.954416            0.577691
H               -3.221528            3.007584           -0.534501
C               -5.874892            2.380894           -0.917338
H               -5.317227            2.384571           -1.868799
H               -6.253069            3.400911           -0.742163
H               -6.738011            1.707674           -1.025118
C               -5.791763            1.947510            1.551786
H               -6.652969            1.267053            1.480247
H               -6.169651            2.961608            1.758839
H               -5.172955            1.634556            2.409373
C               -4.977208            1.961053            0.252803
C               -4.502430            0.552465           -0.010962
C               -3.173599            0.173840           -0.128418
H               -2.403314            0.936291           -0.034111
C               -2.842297           -1.189603           -0.387957
C               -1.398043           -1.602120           -0.525092
C               -1.150327           -2.934178           -0.900168
H               -2.018005           -3.575595           -1.077328
C                0.143285           -3.400378           -1.072110
H                0.314025           -4.414638           -1.444247
C               -0.323856           -0.748918           -0.278752
H               -0.493473            0.278899            0.055757
O               -5.468522           -0.316640           -0.125412
O               -3.691948           -2.084304           -0.518511
H               -5.060555           -1.212543           -0.303982
C                5.326843            1.000150           -0.907371
H                5.644674            0.363039           -0.066184
H                6.226489            1.298867           -1.469397
H                4.702223            0.394519           -1.587528
C                4.127557            3.081039           -1.623579
H                3.499420            2.494911           -2.316095
H                5.007676            3.420134           -2.193306
H                3.567429            3.977420           -1.310247
C                5.479121            3.082591            0.498612
H                4.950489            3.975395            0.867105
H                6.378627            3.414172           -0.043595
H                5.801153            2.500514            1.376177
C                4.595332            2.255166           -0.420022
C                3.375208            1.799997            0.327459
C                2.315821            0.966815           -0.333822
H                1.546885            1.461897           -0.939960
C                2.160484           -0.392578            0.022562
C                0.992743           -1.215800           -0.391368
C                1.243534           -2.559460           -0.817407
H                2.240745           -2.842176           -1.193503
O                3.091695            2.049011            1.475717
O                3.019658           -0.997672            0.730730
Ni               1.999901           -2.618749            1.069216