50
 
C               -5.653095           -1.322069            1.538400
H               -5.394102           -2.378129            1.372504
H               -6.739496           -1.256994            1.707162
H               -5.148580           -0.975927            2.455580
C               -5.712992            0.988799            0.586757
H               -5.255352            1.406080            1.498747
H               -6.803956            1.017037            0.731266
H               -5.481897            1.651211           -0.263640
C               -5.980621           -0.980791           -0.929217
H               -5.715194           -0.385616           -1.818578
H               -7.070935           -0.910622           -0.790786
H               -5.726625           -2.033242           -1.123004
C               -5.281988           -0.449337            0.330623
C               -3.798063           -0.574734            0.116507
C               -2.900558            0.494609            0.160446
H               -3.275660            1.490552            0.392793
C               -1.524965            0.339453           -0.053318
C               -0.597727            1.487165           -0.046465
C               -0.919337            2.728932           -0.610484
H               -1.921385            2.907054           -1.011456
C                0.057595            3.715923           -0.706506
H               -0.193449            4.682575           -1.150189
C                0.702121            1.273993            0.438961
H                0.916671            0.377166            1.037301
O               -3.394730           -1.791448           -0.114242
O               -0.995767           -0.819163           -0.282072
H               -2.414528           -1.797158           -0.226969
C                4.498839           -2.399054           -0.969235
H                3.924868           -2.282342           -1.901837
H                4.755307           -3.464307           -0.850732
H                5.439399           -1.836107           -1.078994
C                4.537484           -2.077738            1.510879
H                5.483183           -1.515604            1.453682
H                4.800791           -3.138955            1.645113
H                3.992974           -1.751969            2.412598
C                2.413198           -2.722702            0.385867
H                1.779032           -2.352922            1.213771
H                2.633564           -3.781390            0.600918
H                1.833919           -2.753521           -0.567385
C                3.708532           -1.907205            0.245602
C                3.293077           -0.461898            0.007953
C                3.635439            0.597827            0.813274
H                4.393621            0.471252            1.590690
C                3.133966            1.987260            0.675649
C                1.704205            2.232079            0.273377
C                1.362713            3.467398           -0.280262
H                2.145976            4.224639           -0.379149
O                2.494797           -0.269504           -1.017511
O                3.868934            2.922122            0.903000
Ni               0.828180           -0.873438           -0.849845