50
 
C               -5.999531           -0.128833            1.770324
H               -6.037375           -1.230637            1.794440
H               -7.009619            0.237807            2.012842
H               -5.316095            0.204846            2.567202
C               -5.577710            1.949552            0.459253
H               -4.944563            2.338103            1.272449
H               -6.602293            2.297916            0.659865
H               -5.253502            2.399405           -0.493066
C               -6.552216           -0.031042           -0.682537
H               -6.234853            0.290971           -1.687623
H               -7.541763            0.408358           -0.484469
H               -6.728880           -1.124234           -0.705253
C               -5.567837            0.426958            0.403792
C               -4.188754           -0.121088            0.095097
C               -3.036593            0.592929            0.111226
H               -3.175934            1.646258            0.344682
C               -1.663247            0.168527           -0.116291
C               -0.592241            1.175180           -0.140745
C               -0.833990            2.559831           -0.138356
H               -1.850991            2.957312           -0.109268
C                0.224697            3.457388           -0.205162
H                0.026244            4.531746           -0.214403
C                0.736522            0.718873           -0.200087
H                0.907615           -0.360008           -0.217402
O               -4.197314           -1.465787           -0.172682
O               -1.341207           -1.033165           -0.284267
H               -5.116384           -1.768125           -0.279921
C                6.165216            0.454308            1.382276
H                6.461741            1.291746            0.731078
H                6.934205            0.331267            2.162734
H                5.223448            0.734759            1.885913
C                5.540256           -1.964337            1.527664
H                4.594904           -1.703003            2.033886
H                6.293538           -2.137152            2.313966
H                5.398701           -2.914283            0.985031
C                7.341112           -1.234973           -0.057420
H                7.244827           -2.166465           -0.636397
H                8.114955           -1.382449            0.713362
H                7.686953           -0.451251           -0.749408
C                6.023552           -0.848593            0.593956
C                4.966920           -0.663608           -0.474543
C                3.602593           -0.181946           -0.077479
C                3.235468            1.185507           -0.362954
C                1.799407            1.612634           -0.258957
C                1.531881            2.989070           -0.270435
H                2.380998            3.675050           -0.339335
O                5.117924           -0.907380           -1.647608
O                4.091315            2.008962           -0.668439
H                2.881217           -0.912817            0.306733
Ni              -2.522710           -2.454077           -0.422693