50
 
C                5.315911            0.949642           -1.335277
H                5.137933            0.324663           -2.225773
H                6.373060            1.260650           -1.353098
H                4.704733            1.861683           -1.425584
C                5.269586            1.078115            1.175817
H                4.668868            2.000993            1.143616
H                6.328541            1.381450            1.208007
H                5.046317            0.552100            2.118639
C                5.990669           -1.022212            0.038231
H                5.826460           -1.611265            0.953712
H                7.032144           -0.665132            0.044574
H                5.866535           -1.697182           -0.822193
C                5.046633            0.171150           -0.040656
C                3.605946           -0.307197           -0.054592
C                2.554657            0.688622           -0.085116
H                2.879139            1.730503           -0.129582
C                1.199518            0.537512           -0.067835
C                0.250076            1.652835           -0.002878
C                0.480652            2.820983            0.737960
H                1.448566            2.980959            1.222614
C               -0.543255            3.750156            0.911596
H               -0.353860            4.659505            1.487039
C               -1.005873            1.463102           -0.581029
H               -1.183913            0.610069           -1.236161
O                3.384586           -1.537518           -0.047517
O                0.592938           -0.682156           -0.083190
H               -0.395354           -0.642917            0.055640
C               -5.436459           -0.957323            1.119653
H               -4.987563           -0.556074            2.043511
H               -6.235416           -1.657305            1.414128
H               -5.913852           -0.121873            0.580864
C               -5.053537           -2.268698           -0.993892
H               -5.602417           -1.512952           -1.577106
H               -5.784866           -3.038732           -0.699380
H               -4.314301           -2.750568           -1.655218
C               -3.787760           -2.836991            1.079232
H               -3.051008           -3.403819            0.488464
H               -4.580715           -3.533978            1.392615
H               -3.283251           -2.465962            1.985006
C               -4.397293           -1.700268            0.270932
C               -3.306266           -0.710550           -0.125097
C               -3.783192            0.490656           -0.849399
H               -4.728309            0.376956           -1.393617
C               -3.435271            1.923794           -0.692024
C               -2.060431            2.317892           -0.301414
C               -1.821702            3.491141            0.422037
H               -2.656040            4.171171            0.617168
O               -2.130630           -0.923558            0.163244
O               -4.341824            2.728439           -0.797959
Ni               1.686513           -2.290313           -0.066857