50
 
C                2.073837           -2.538771            0.380590
H                1.408256           -2.131213            1.171013
H                2.071777           -3.631852            0.533863
H                1.625372           -2.425653           -0.640591
C                4.366083           -2.544449           -0.636537
H                3.912686           -2.456842           -1.637166
H                4.532922           -3.617421           -0.448487
H                5.353353           -2.056191           -0.664229
C                4.082738           -2.264219            1.836470
H                5.087479           -1.825755            1.935934
H                4.167999           -3.353494            1.976645
H                3.465780           -1.850513            2.648279
C                3.493174           -1.954791            0.468453
C                3.324749           -0.433441            0.318925
C                2.872758            0.088542           -1.005129
H                3.305043           -0.419812           -1.880096
C                2.925153            1.602750           -1.072473
C                1.701198            2.184569           -0.417013
C                1.691386            3.067993            0.658153
H                2.618652            3.563309            0.959922
C                0.510134            3.245370            1.384870
H                0.504180            3.931533            2.235984
C                0.509802            1.540326           -0.777263
H                0.434191            1.083770           -1.780052
O                3.421675            0.319636            1.274437
O                3.825672            2.231742           -1.553176
C               -5.676662           -1.464931            1.161205
H               -5.383348           -2.487457            0.881730
H               -6.767675           -1.449202            1.310510
H               -5.201548           -1.213298            2.123805
C               -5.785791            0.938056            0.477802
H               -5.351781            1.263379            1.437615
H               -6.878805            0.918540            0.607271
H               -5.564827            1.698065           -0.289541
C               -5.963906           -0.852603           -1.258577
H               -5.698707           -0.152548           -2.067951
H               -7.058461           -0.829106           -1.138755
H               -5.673348           -1.868527           -1.564033
C               -5.307795           -0.449364            0.070243
C               -3.817533           -0.507868           -0.123419
C               -2.955193            0.583371            0.031463
H               -3.364844            1.558689            0.293312
C               -1.575757            0.471196           -0.161794
C               -0.632425            1.592776            0.047700
C               -0.633128            2.476639            1.124666
H               -1.488759            2.521899            1.805119
O               -3.366611           -1.679038           -0.463145
O               -1.001015           -0.636756           -0.502484
H               -2.384944           -1.634159           -0.584998
Ni               1.002667           -0.489561           -0.440006