50
 
C               -4.675490            1.848087            1.702480
H               -5.147453            1.129576            2.392928
H               -5.050720            2.852806            1.958925
H               -3.589610            1.842913            1.893245
C               -4.323255            2.519771           -0.690322
H               -3.230092            2.541644           -0.548258
H               -4.699695            3.537767           -0.495509
H               -4.527055            2.286111           -1.748551
C               -6.529743            1.615823            0.047174
H               -6.813703            1.382317           -0.990509
H               -6.879277            2.634082            0.281805
H               -7.062013            0.907049            0.699563
C               -5.022676            1.529325            0.244889
C               -4.545834            0.118996           -0.071741
C               -3.123737           -0.187538            0.018994
H               -2.420551            0.584300            0.333149
C               -2.678499           -1.454560           -0.254057
C               -1.258571           -1.860852           -0.173461
C               -0.946985           -3.228849           -0.190684
H               -1.765192           -3.949166           -0.266661
C                0.374562           -3.667737           -0.111892
H                0.578950           -4.742604           -0.128785
C               -0.219998           -0.927276           -0.100087
H               -0.456862            0.139435           -0.118237
O               -5.349068           -0.761057           -0.395561
O               -3.486291           -2.432975           -0.593206
H               -4.415456           -2.041553           -0.600416
C                3.946979            3.752170           -1.378395
H                5.003765            3.463823           -1.279404
H                3.898162            4.847827           -1.479458
H                3.547615            3.310000           -2.306119
C                1.686252            3.800520           -0.315453
H                1.216421            3.406425           -1.231724
H                1.677289            4.898423           -0.395311
H                1.059569            3.534361            0.551816
C                3.728447            3.937430            1.117653
H                3.169592            3.630418            2.017166
H                3.676443            5.035312            1.047393
H                4.782736            3.651906            1.246165
C                3.124361            3.325220           -0.154021
C                3.228040            1.827556           -0.036459
C                2.136990            0.959091           -0.082198
H                1.146157            1.387827           -0.214639
C                2.260282           -0.433550            0.025471
C                1.108330           -1.351637           -0.023295
C                1.398403           -2.737971           -0.006400
O                4.447073            1.393048            0.112953
O                3.432460           -0.978628            0.167055
H                4.437573            0.408940            0.178901
Ni               3.267960           -2.883827            0.266551