50
 
C               -6.530143           -0.312291            1.501197
H               -6.299775           -1.189372            2.128403
H               -7.589617           -0.054877            1.664821
H               -5.927493            0.536855            1.863107
C               -6.588475            0.637415           -0.822439
H               -5.986566            1.507288           -0.512217
H               -7.649053            0.917709           -0.712247
H               -6.402077            0.454040           -1.893629
C               -7.219530           -1.745934           -0.424371
H               -7.073530           -1.992154           -1.487279
H               -8.271322           -1.452746           -0.277902
H               -7.032129           -2.663422            0.154213
C               -6.303457           -0.612657            0.016083
C               -4.853282           -1.019787           -0.186200
C               -3.793069           -0.079487            0.173586
H               -4.051863            0.898945            0.577964
C               -2.483363           -0.432462            0.003001
C               -1.344319            0.448306            0.343043
C               -1.512838            1.727470            0.906988
H               -2.515946            2.101563            1.123048
C               -0.420479            2.511622            1.235456
H               -0.574187            3.468164            1.742573
C               -0.050933           -0.014135            0.083752
H                0.069982           -0.996740           -0.381424
O               -4.560914           -2.126461           -0.646806
O               -2.115049           -1.599208           -0.483004
H               -2.967410           -2.104436           -0.672453
C                5.772570           -0.287890            1.108743
H                5.974159            0.541361            0.411204
H                6.666740           -0.432980            1.736352
H                4.947371            0.012578            1.778386
C                5.133636           -2.697760            1.369188
H                4.309754           -2.418004            2.047852
H                6.018825           -2.889839            1.996708
H                4.870797           -3.642224            0.864977
C                6.617258           -1.994598           -0.537399
H                6.389429           -2.918271           -1.091702
H                7.521166           -2.169618            0.067076
H                6.843547           -1.210256           -1.276468
C                5.461513           -1.589694            0.362541
C                4.236100           -1.341997           -0.469245
C                2.932645           -0.940205            0.157674
H                2.278914           -1.714583            0.578046
C                2.440587            0.373032           -0.018648
C                1.063083            0.781481            0.368633
C                0.890903            2.069368            0.969307
H                1.737719            2.562182            1.476194
O                4.139315           -1.446595           -1.669237
O                3.152939            1.289525           -0.527858
Ni               1.753278            2.608285           -0.790560