50
 
C               -4.542725            2.064983            1.849906
H               -5.013653            1.293708            2.481659
H               -4.853089            3.048895            2.238761
H               -3.449903            1.992838            1.976606
C               -4.279520            2.990420           -0.469245
H               -3.180762            2.941380           -0.392658
H               -4.586257            3.995634           -0.135989
H               -4.554942            2.893465           -1.532523
C               -6.490686            2.111336            0.287806
H               -6.839725            2.012170           -0.751451
H               -6.773005            3.111129            0.654471
H               -7.025715            1.358824            0.886967
C               -4.982142            1.933289            0.388215
C               -4.595506            0.552337           -0.116954
C               -3.186221            0.164870           -0.120044
H               -2.433988            0.859395            0.254674
C               -2.821627           -1.074518           -0.570064
C               -1.422461           -1.557546           -0.600414
C               -1.185869           -2.915438           -0.889708
H               -2.043719           -3.558864           -1.096421
C                0.103826           -3.418934           -0.948682
H                0.266825           -4.458382           -1.247362
C               -0.335188           -0.715460           -0.350846
H               -0.496258            0.340273           -0.112910
O               -5.450677           -0.240303           -0.519215
O               -3.688728           -1.962005           -1.003343
H               -4.596059           -1.528795           -0.929102
C                5.356847            0.881044           -0.873852
H                5.640511            0.294553            0.014994
H                6.276385            1.126303           -1.429506
H                4.738190            0.243620           -1.530032
C                4.224059            2.935478           -1.755302
H                3.606582            2.318687           -2.430527
H                5.128033            3.222903           -2.316030
H                3.672245            3.859444           -1.516149
C                5.511729            3.044543            0.403350
H                4.992208            3.969706            0.697464
H                6.434440            3.322340           -0.130022
H                5.793927            2.513516            1.325873
C                4.638008            2.178028           -0.488510
C                3.386334            1.795732            0.247624
C                2.330754            0.942065           -0.393431
H                1.593819            1.411442           -1.057066
C                2.136255           -0.388232            0.042634
C                0.968996           -1.215646           -0.363033
C                1.209989           -2.592466           -0.678002
H                2.216261           -2.917946           -0.992899
O                3.073107            2.124582            1.367748
O                2.960846           -0.962134            0.815241
Ni               1.935077           -2.558667            1.220608