50
 
C                5.870872            1.916837           -0.217127
H                6.579808            1.316465           -0.810184
H                6.455390            2.678804            0.322508
H                5.202704            2.454120           -0.908812
C                4.106785            1.911533            1.582800
H                3.396043            2.439746            0.926754
H                4.652881            2.678916            2.154619
H                3.533578            1.307806            2.306399
C                6.114430            0.425887            1.777387
H                5.608145           -0.193437            2.533427
H                6.668911            1.219051            2.301887
H                6.843791           -0.210495            1.253169
C                5.122375            1.056424            0.809289
C                4.344094           -0.016416            0.093414
C                3.318893            0.378978           -0.954806
H                3.674783           -0.080295           -1.898573
C                1.928181           -0.182547           -0.734524
C                0.749810            0.680937           -0.734047
C                0.809146            2.078230           -0.904160
H                1.760763            2.596191           -1.048052
C               -0.357922            2.827618           -0.900468
H               -0.310543            3.910448           -1.036408
C               -0.501393            0.068470           -0.560090
H               -0.578031           -1.014097           -0.429006
O                4.531698           -1.207939            0.337220
O                1.800354           -1.407245           -0.587199
H                3.311629            1.460998           -1.114492
C               -5.442916           -0.821240            1.905281
H               -5.014329           -1.792192            1.609594
H               -6.043767           -0.968863            2.817772
H               -4.608338           -0.146247            2.164464
C               -6.825254            1.149911            1.219946
H               -5.995072            1.835775            1.462102
H               -7.446798            1.058373            2.125861
H               -7.445066            1.612682            0.433843
C               -7.496895           -1.157516            0.498953
H               -8.128076           -0.752217           -0.306897
H               -8.120388           -1.283274            1.398944
H               -7.149086           -2.151564            0.176902
C               -6.325822           -0.237265            0.800835
C               -5.488036           -0.061271           -0.446170
C               -4.223769            0.746017           -0.373587
C               -2.960623            0.052141           -0.373773
C               -1.675887            0.815157           -0.556039
C               -1.592587            2.201757           -0.730062
H               -2.497228            2.815683           -0.738262
O               -5.761646           -0.498647           -1.537385
O               -2.915897           -1.165038           -0.220814
H               -4.299260            1.833359           -0.490344
Ni               3.281092           -2.549879           -0.227146