50
 
C               -6.160776           -2.150014           -1.318325
H               -7.067630           -1.582104           -1.061652
H               -6.448460           -3.196262           -1.513105
H               -5.746257           -1.731940           -2.250687
C               -3.911911           -2.923932           -0.556610
H               -3.451883           -2.576735           -1.496453
H               -4.215091           -3.973056           -0.707146
H               -3.150042           -2.911618            0.240402
C               -5.749905           -2.637929            1.109987
H               -5.035655           -2.576458            1.947964
H               -6.028474           -3.696225            0.977115
H               -6.652432           -2.073317            1.388171
C               -5.136942           -2.102761           -0.184012
C               -4.781252           -0.620626            0.051416
C               -3.490588           -0.096636           -0.084618
H               -2.636244           -0.691616           -0.399125
C               -3.452235            1.294269            0.171134
C               -2.179304            2.075668            0.066882
C               -2.261303            3.474448            0.025455
H               -3.251573            3.935559            0.071472
C               -1.109742            4.248786           -0.072730
H               -1.185518            5.338033           -0.111760
C               -0.928812            1.466682            0.029908
H               -0.871867            0.377466            0.080897
O               -5.738860            0.117986            0.378645
O               -4.481717            1.920561            0.479083
C                2.697527           -2.241967            1.569597
H                3.194954           -1.707512            2.395790
H                2.853557           -3.322961            1.718661
H                1.617072           -2.050749            1.647936
C                2.520953           -2.547101           -0.923298
H                1.436665           -2.364507           -0.891970
H                2.675138           -3.634595           -0.830066
H                2.887481           -2.233537           -1.914778
C                4.734921           -2.205629            0.149086
H                5.181912           -1.999520           -0.867431
H                4.872533           -3.290602            0.269954
H                5.314031           -1.774053            1.017917
C                3.254633           -1.818678            0.206849
C                3.080566           -0.308695            0.035684
C                1.797425            0.253108            0.055796
H                0.943948           -0.407259            0.199748
C                1.566244            1.627308           -0.083874
C                0.241168            2.238285           -0.056952
C                0.136260            3.639580           -0.116188
H                1.043615            4.242472           -0.188521
O                4.121600            0.426848           -0.121776
O                2.557450            2.463888           -0.243766
H                3.403665            1.954907           -0.242324
Ni               5.837400           -0.409753           -0.138201