50
 
C                7.516824            0.531113            1.049587
H                8.033851            1.182971            0.325353
H                8.260175            0.207495            1.796721
H                6.759890            1.130597            1.583725
C                6.148719           -1.535195            1.401375
H                5.368703           -0.945864            1.914725
H                6.850278           -1.898271            2.170719
H                5.662956           -2.408084            0.936214
C                7.991305           -1.525592           -0.304119
H                7.563308           -2.401895           -0.815309
H                8.716713           -1.880809            0.445833
H                8.533468           -0.936431           -1.060082
C                6.908242           -0.698885            0.368728
C                5.915627           -0.223831           -0.672413
C                4.743943            0.600343           -0.229972
H                4.907529            1.660105           -0.002525
C                3.424100            0.014108           -0.273395
C                2.208524            0.884064           -0.114303
C                2.244845            2.278594           -0.021556
H                3.197382            2.814051           -0.055638
C                1.065933            3.013690            0.105654
H                1.108616            4.102749            0.180539
C                0.973114            0.238174           -0.082023
H                0.964746           -0.851447           -0.164710
O                5.998621           -0.443171           -1.856843
O                3.285912           -1.195302           -0.424300
C               -5.395238            1.775620            1.235136
H               -5.312438            1.192471            2.167213
H               -6.371763            2.286937            1.237352
H               -4.616915            2.552653            1.253581
C               -5.358515            1.721310           -1.281826
H               -4.580202            2.498064           -1.310987
H               -6.334940            2.230020           -1.335480
H               -5.247298            1.098311           -2.184712
C               -6.450740           -0.104186            0.000908
H               -6.474372           -0.728572           -0.940386
H               -7.417926            0.419954           -0.020871
H               -6.497092           -0.694983            0.962259
C               -5.279083            0.881596           -0.003063
C               -3.943790            0.137178            0.031035
C               -2.740545            0.856678            0.034547
H               -2.783865            1.944407            0.004399
C               -1.486101            0.236061            0.050049
C               -0.218638            0.963860            0.037376
C               -0.159250            2.366301            0.134106
H               -1.069175            2.961634            0.240988
O               -3.944375           -1.146121            0.051543
O               -1.373884           -1.064273            0.065918
H               -2.277897           -1.460524            0.061492
Ni              -5.618913           -2.062521            0.040145