50
 
C               -6.282952            0.551238            1.468910
H               -6.473900           -0.521684            1.637519
H               -7.246390            1.074454            1.576460
H               -5.612037            0.905605            2.267497
C               -5.498817            2.349275           -0.069337
H               -4.871484            2.767406            0.733611
H               -6.477203            2.848878           -0.001680
H               -5.056752            2.613559           -1.043567
C               -6.658455            0.363983           -1.012354
H               -6.236167            0.497288           -2.021555
H               -7.590317            0.947123           -0.956473
H               -6.977691           -0.690936           -0.904720
C               -5.692755            0.845516            0.080478
C               -4.384085            0.089770           -0.037246
C               -3.149039            0.648799           -0.027811
H               -3.155969            1.734207            0.047981
C               -1.837396            0.020252           -0.075534
C               -0.630120            0.862750           -0.091940
C               -0.658980            2.259964           -0.254523
H               -1.599634            2.797161           -0.396089
C                0.523839            2.985697           -0.259067
H                0.496121            4.070036           -0.389465
C                1.746601            2.336757           -0.094706
H                0.663035           -0.858103            0.188052
O               -4.557529           -1.268294           -0.111928
O               -1.679169           -1.222709           -0.086282
H               -5.502100           -1.467183           -0.235305
C                5.882561           -1.237209           -1.355379
H                5.435365           -2.132587           -0.894468
H                6.612311           -1.566109           -2.113771
H                5.081386           -0.689190           -1.881804
C                7.147185            0.891933           -0.993099
H                6.371682            1.453935           -1.541276
H                7.915786            0.599121           -1.727280
H                7.622762            1.569640           -0.264278
C                7.693072           -1.134067            0.380615
H                8.198313           -0.515465            1.138498
H                8.443938           -1.463676           -0.355826
H                7.296257           -2.023943            0.893627
C                6.584662           -0.361678           -0.315084
C                5.557606            0.078925            0.707106
C                4.345387            0.829294            0.240446
H                4.445519            1.899935            0.027726
C                3.065535            0.161156            0.261702
C                1.799459            0.947575            0.064265
C                0.608264            0.225430            0.058860
H                2.662682            2.933505           -0.087575
O                5.641388           -0.107692            1.896948
O                3.001240           -1.052825            0.429313
Ni              -3.023656           -2.495106           -0.099217