50
 
C               -3.167718            2.544937            2.147907
H               -4.007816            2.019520            2.630836
H               -3.177155            3.586675            2.507077
H               -2.227300            2.089184            2.496307
C               -2.103867            3.246483           -0.021185
H               -1.138721            2.808086            0.279182
H               -2.092683            4.301476            0.296684
H               -2.165791            3.232380           -1.121852
C               -4.587967            3.277347            0.228902
H               -4.730191            3.294962           -0.862666
H               -4.536302            4.318495            0.582716
H               -5.477667            2.809184            0.676832
C               -3.309395            2.546565            0.619329
C               -3.365782            1.110116            0.137259
C               -2.215814            0.259913            0.385787
H               -1.409760            0.704409            0.973067
C               -1.973459           -1.025436            0.011424
C               -0.722976           -1.737194            0.289298
C               -0.747538           -3.106907            0.602898
H               -1.698401           -3.646557            0.684374
C                0.435398           -3.779294            0.891936
H                0.407441           -4.838954            1.157025
C                0.506091           -1.062379            0.255487
H                0.525167            0.000382           -0.005420
O               -4.395952            0.710272           -0.443825
O               -2.907197           -1.778898           -0.656059
H               -2.493320           -2.601786           -0.970853
C                6.002651           -0.366988           -1.104403
H                6.320766           -0.918321           -0.205373
H                6.844024           -0.346577           -1.816409
H                5.182855           -0.935415           -1.577850
C                5.070500            1.761657           -2.034550
H                4.237344            1.211058           -2.504722
H                5.883606            1.817455           -2.776932
H                4.738004            2.791957           -1.823675
C                6.740252            1.843558           -0.164603
H                6.442618            2.872240            0.090697
H                7.576983            1.891277           -0.880157
H                7.102519            1.365403            0.758936
C                5.583222            1.064728           -0.768395
C                4.434333            1.024318            0.213848
C                3.217220            0.204447           -0.103244
H                2.441651            0.645491           -0.741359
C                3.032795           -1.057056            0.572762
C                1.691236           -1.734827            0.543261
C                1.645284           -3.095575            0.872822
H                2.586074           -3.595504            1.119789
O                4.382337            1.639091            1.252175
O                3.965021           -1.597694            1.157226
Ni              -4.659801           -1.006041           -1.103629