50
 
C                4.222747           -1.939361            1.410798
H                3.680229           -1.360480            2.177182
H                4.803480           -2.715142            1.935172
H                3.485509           -2.458352            0.776987
C                5.887958           -1.878567           -0.480154
H                5.186313           -2.396038           -1.153573
H                6.501056           -2.655136            0.004087
H                6.564104           -1.256712           -1.089146
C                6.230277           -0.445816            1.542629
H                6.924874            0.213487            0.999824
H                6.818501           -1.249897            2.010641
H                5.761537            0.144656            2.344573
C                5.191304           -1.054546            0.610488
C                4.369379            0.033686           -0.028895
C                3.288293           -0.337063           -1.029724
H                3.280586           -1.413643           -1.222493
C                1.910013            0.204664           -0.706986
C                0.743225           -0.671480           -0.635360
C                0.798850           -2.061725           -0.857155
H                1.735717           -2.561776           -1.115573
C               -0.353548           -2.826869           -0.756643
H               -0.308522           -3.904783           -0.927866
C               -0.490742           -0.081000           -0.319998
H               -0.563734            0.995016           -0.141300
O                4.563189            1.218714            0.239936
O                1.782121            1.425007           -0.526465
H                3.585690            0.156897           -1.976026
C               -5.932741            1.281551           -1.077508
H               -5.475875            2.169824           -0.612349
H               -6.748858            1.618500           -1.737839
H               -5.169477            0.799299           -1.713385
C               -7.074407           -0.916456           -0.716740
H               -6.341582           -1.411933           -1.376499
H               -7.926779           -0.615351           -1.347650
H               -7.444901           -1.654611            0.014316
C               -7.545310            1.003466            0.827673
H               -7.942971            0.322220            1.595891
H               -8.382549            1.340366            0.195144
H               -7.129672            1.880108            1.348438
C               -6.489872            0.319699           -0.025427
C               -5.344788           -0.132303            0.854631
C               -4.167169           -0.815784            0.223794
C               -2.911574           -0.109634            0.152597
C               -1.649969           -0.844022           -0.215500
C               -1.569532           -2.224259           -0.434767
H               -2.460383           -2.852493           -0.350518
O               -5.299075           -0.009349            2.054744
O               -2.857006            1.095025            0.378233
H               -4.260056           -1.876439           -0.037304
Ni               3.272841            2.567220           -0.207101