50
 
C                5.781949           -1.687392            1.837465
H                6.264692           -0.860037            2.383778
H                6.215522           -2.631041            2.208919
H                4.711214           -1.690424            2.098973
C                5.305054           -2.708478           -0.404450
H                4.223845           -2.736573           -0.192137
H                5.728530           -3.676543           -0.088316
H                5.437394           -2.626492           -1.496236
C                7.515393           -1.640177            0.042891
H                7.722900           -1.548281           -1.034354
H                7.919531           -2.603521            0.394024
H                8.059755           -0.829348            0.550691
C                6.021763           -1.571625            0.329277
C                5.467620           -0.237855           -0.155993
C                4.049840            0.038379            0.003690
H                3.400760           -0.701450            0.472349
C                3.533043            1.234521           -0.420355
C                2.106355            1.608360           -0.293915
C                1.710280            2.907440           -0.652946
H                2.472558            3.600316           -1.016429
C                0.381803            3.311367           -0.550229
H                0.098784            4.327682           -0.834719
C                1.136721            0.717584            0.164557
H                1.387142           -0.308937            0.446362
O                6.214770            0.599484           -0.675418
O                4.275761            2.166446           -0.975481
H                5.214177            1.798911           -0.998673
C               -5.318824           -0.013966            2.262136
H               -5.110375           -1.070443            2.498067
H               -6.358856            0.203823            2.554664
H               -4.666395            0.607870            2.893780
C               -5.379167            1.766562            0.479143
H               -4.720610            2.420284            1.072179
H               -6.417404            2.028423            0.740803
H               -5.225601            2.003641           -0.586934
C               -6.117887           -0.559063           -0.034249
H               -6.079136           -0.312160           -1.133984
H               -7.159816           -0.335573            0.240208
H               -6.014122           -1.656874            0.200801
C               -5.126439            0.283425            0.772087
C               -3.697579           -0.061936            0.365936
C               -2.596391            0.584747            0.998577
H               -2.779563            1.315210            1.796592
C               -1.190571            0.148759            0.742923
C               -0.198707            1.118574            0.271113
C               -0.577035            2.420511           -0.085809
H               -1.625657            2.732639           -0.007600
O               -3.476254           -0.893924           -0.550736
O               -0.967945           -1.015088            1.012704
Ni              -4.925473           -1.795175           -1.345802