50
 
C               -6.527367            0.728879            0.782129
H               -6.046631            0.761151            1.774066
H               -7.605995            0.887502            0.938215
H               -6.157848            1.576055            0.180539
C               -7.022607           -0.595285           -1.274505
H               -6.625037            0.199373           -1.927809
H               -8.097143           -0.403532           -1.123928
H               -6.914313           -1.558165           -1.795199
C               -6.875870           -1.736101            0.954573
H               -6.764612           -2.715797            0.467011
H               -7.948678           -1.559536            1.133241
H               -6.371434           -1.776617            1.934430
C               -6.311202           -0.607136            0.083977
C               -4.850905           -0.898406           -0.162368
C               -3.805754           -0.055905            0.187509
H               -4.035289            0.884572            0.683493
C               -2.460904           -0.436749           -0.091362
C               -1.324854            0.475979            0.295584
C               -1.495930            1.751056            0.858294
H               -2.499415            2.137985            1.048436
C               -0.399226            2.524936            1.212468
H               -0.550717            3.481538            1.720350
C               -0.035472            0.001270            0.055129
H                0.060322           -0.983240           -0.416072
O               -4.631832           -2.041347           -0.752082
O               -2.153664           -1.506902           -0.642906
H               -3.643716           -2.145189           -0.868351
C                6.632790           -2.015697           -0.499445
H                6.407058           -2.936428           -1.059481
H                7.528766           -2.197009            0.114932
H                6.871343           -1.230010           -1.233214
C                5.777070           -0.310079            1.141870
H                5.988237            0.520772            0.449065
H                6.664629           -0.460438            1.777585
H                4.946549           -0.008875            1.804527
C                5.123947           -2.717666            1.387712
H                4.292846           -2.436343            2.056878
H                6.000535           -2.915174            2.025555
H                4.863273           -3.659619            0.877720
C                5.468516           -1.608301            0.388300
C                4.254238           -1.351216           -0.457146
C                2.945191           -0.947838            0.156893
H                2.281858           -1.721827            0.562734
C                2.461249            0.369379           -0.015367
C                1.082518            0.782110            0.361727
C                0.909289            2.067411            0.971041
H                1.753865            2.555868            1.485422
O                4.172605           -1.447294           -1.658894
O                3.180854            1.285022           -0.515303
Ni               1.778197            2.602261           -0.788527