50
 
C               -4.494066           -2.761652           -0.695681
H               -5.234690           -2.434045           -1.439809
H               -4.850913           -3.702067           -0.245164
H               -3.548298           -2.973819           -1.222970
C               -3.293581           -2.223365            1.422426
H               -2.317013           -2.450459            0.961794
H               -3.672624           -3.157665            1.866603
H               -3.138218           -1.508787            2.247790
C               -5.632542           -1.427427            1.094210
H               -5.520251           -0.662045            1.880144
H               -6.005039           -2.350075            1.568286
H               -6.390660           -1.077110            0.378364
C               -4.295267           -1.707621            0.398231
C               -3.842369           -0.423070           -0.257598
C               -2.688512            0.266147            0.060101
H               -2.050019           -0.106050            0.860205
C               -2.400750            1.518722           -0.584049
C               -1.174654            2.286930           -0.200267
C               -1.118855            3.648543           -0.527558
H               -1.976833            4.081237           -1.049844
C               -0.010475            4.424664           -0.194721
H                0.004757            5.488625           -0.443692
C               -0.080260            1.708054            0.439166
H               -0.092977            0.639894            0.688369
O               -4.667962            0.012249           -1.174004
O               -3.145535            2.011066           -1.445291
H               -4.305650            0.883019           -1.515803
C                3.570557           -2.383607            1.853114
H                4.598342           -2.039890            1.652050
H                3.592059           -3.480046            1.961444
H                3.258402           -1.969314            2.823476
C                1.178113           -2.434575            1.056084
H                0.828429           -2.000407            2.006831
H                1.131796           -3.531372            1.157262
H                0.471380           -2.131826            0.263873
C                3.057767           -2.674866           -0.568596
H                2.301287           -2.532815           -1.396267
H                3.102032           -3.769058           -0.459908
H                4.110092           -2.388909           -0.846150
C                2.610082           -1.994149            0.727451
C                2.591636           -0.482290            0.543503
C                2.262679            0.380305            1.621888
H                2.225267            0.012208            2.653292
C                2.203536            1.860389            1.403667
C                1.046257            2.476064            0.753109
C                1.074456            3.843970            0.448713
H                1.960148            4.426546            0.718298
O                2.813724            0.032595           -0.587072
O                3.198530            2.436116            1.791521
Ni               3.305236           -1.093178           -2.018174