50
 
C                1.879151           -3.348963            1.026315
H                2.683728           -3.570506            1.746206
H                1.436712           -4.310516            0.721056
H                1.090945           -2.781723            1.546602
C                1.269099           -2.305293           -1.185152
H                0.464706           -1.719833           -0.710475
H                0.819940           -3.246672           -1.540244
H                1.625270           -1.755446           -2.072557
C                3.438301           -3.528727           -0.922917
H                3.840537           -3.051774           -1.829752
H                2.958081           -4.473919           -1.218920
H                4.286257           -3.769333           -0.263668
C                2.419018           -2.639569           -0.223008
C                3.060858           -1.338619            0.184068
C                2.239901           -0.300618            0.928076
H                2.740589           -0.183985            1.910100
C                2.240240            1.087382            0.317413
C                0.995859            1.797968            0.046969
C                1.084852            3.135291           -0.389753
H                2.072854            3.582450           -0.520512
C               -0.064261            3.871847           -0.630169
H                0.011192            4.911967           -0.955951
C               -0.274916            1.215895            0.208936
H               -0.379488            0.186949            0.563565
O                4.245260           -1.111100           -0.060797
O                3.331699            1.634978            0.091348
H                1.230448           -0.665875            1.137277
C               -5.710800            0.094951           -1.230458
H               -6.041071            1.004827           -0.704844
H               -6.514650           -0.223202           -1.914436
H               -4.836046            0.360251           -1.849905
C               -4.857271           -2.248749           -1.024981
H               -3.968404           -1.995802           -1.628777
H               -5.630779           -2.612030           -1.721442
H               -4.599877           -3.079811           -0.346882
C               -6.626809           -1.423810            0.549616
H               -6.404818           -2.231526            1.263907
H               -7.425335           -1.767976           -0.127325
H               -7.009342           -0.567621            1.127028
C               -5.395108           -1.037654           -0.252787
C               -4.298938           -0.590912            0.687825
C               -3.023587           -0.029251            0.128746
C               -2.809049            1.398683            0.172945
C               -1.429456            1.950617           -0.041112
C               -1.314884            3.287709           -0.443237
H               -2.236731            3.856047           -0.598635
O               -4.333842           -0.679807            1.891980
O               -3.744884            2.168435            0.355334
H               -2.237609           -0.727040           -0.187565
Ni               4.967994            0.658679            0.089615