50
 
C                1.587979            2.401811           -0.949855
H                1.706743            1.768162           -1.845451
H                1.268415            3.397829           -1.295552
H                0.763765            2.000104           -0.338660
C                2.669736            3.316165            1.133763
H                1.909447            2.847735            1.778800
H                2.306161            4.326997            0.889597
H                3.601631            3.429415            1.711330
C                3.928725            3.295520           -1.030345
H                4.892744            3.401573           -0.509959
H                3.551348            4.304042           -1.258211
H                4.114819            2.777439           -1.983885
C                2.907777            2.553537           -0.177813
C                3.419332            1.176887            0.153407
C                2.562080            0.241872            0.988190
H                1.628975            0.724026            1.292856
C                2.336413           -1.129623            0.384799
C                0.987890           -1.642730            0.166167
C                0.834207           -2.970097           -0.286280
H                1.722874           -3.586976           -0.438654
C               -0.431503           -3.476626           -0.527166
H               -0.551511           -4.506128           -0.872535
C               -0.152094           -0.853508            0.357567
H               -0.109645            0.181800            0.703826
O                4.532834            0.803190           -0.215848
O                3.323820           -1.825716            0.098489
H                3.146056            0.061976            1.912620
C               -5.097174            1.469217           -1.335010
H               -4.574555            2.289435           -0.817066
H               -5.741574            1.907895           -2.114673
H               -4.338594            0.847501           -1.842317
C               -6.624512           -0.501880           -1.122199
H               -5.894141           -1.131033           -1.659482
H               -7.315889           -0.091770           -1.876485
H               -7.212297           -1.145401           -0.446233
C               -6.993295            1.525047            0.310784
H               -7.605377            0.945675            1.019436
H               -7.662883            1.968733           -0.443727
H               -6.519116            2.341787            0.876828
C               -5.952800            0.648720           -0.366328
C               -5.034178            0.055430            0.679049
C               -3.928079           -0.860248            0.242384
C               -2.566563           -0.391904            0.308376
C               -1.428054           -1.352200            0.102640
C               -1.558937           -2.673372           -0.333859
H               -2.547121           -3.094183           -0.539934
O               -5.120031            0.240150            1.868803
O               -2.315772            0.790294            0.530235
H               -4.172482           -1.911861            0.051416
Ni               5.052275           -1.039650           -0.085605