50
 
C                6.512361           -0.112562            1.312283
H                6.846662            0.781932            0.763159
H                7.283069           -0.373727            2.056186
H                5.594789            0.154118            1.865641
C                5.741650           -2.488989            1.169925
H                4.812581           -2.237886            1.710406
H                6.484836           -2.796739            1.924031
H                5.545732           -3.356805            0.517853
C                7.572741           -1.679339           -0.339877
H                7.414573           -2.522889           -1.029391
H                8.340469           -1.969609            0.395734
H                7.962996           -0.837335           -0.932868
C                6.285939           -1.297547            0.372870
C                5.232837           -0.927533           -0.650388
C                3.912147           -0.391567           -0.180735
H                3.131897           -1.106226            0.106491
C                3.662835            1.026544           -0.287387
C                2.273173            1.563107           -0.096195
C                2.132531            2.951287            0.030787
H                3.039594            3.561550           -0.001732
C                0.875805            3.527155            0.187254
H                0.778792            4.609914            0.296367
C                1.134652            0.763258           -0.079376
H                1.211790           -0.319733           -0.198203
O                5.350619           -1.062497           -1.844479
O                4.585213            1.803292           -0.513279
C               -5.358025            1.444247            1.341233
H               -5.195779            0.820698            2.235987
H               -6.387691            1.835857            1.379585
H               -4.676026            2.305108            1.402216
C               -5.346613            1.544074           -1.174530
H               -4.665488            2.407729           -1.160763
H               -6.376475            1.936640           -1.191813
H               -5.174605            0.993667           -2.114274
C               -6.201753           -0.469866            0.001336
H               -6.160844           -1.040129           -0.972881
H               -7.223651           -0.062076            0.011370
H               -6.172019           -1.113689            0.929238
C               -5.153424            0.644831            0.050577
C               -3.739453            0.062775            0.034518
C               -2.631398            0.920472            0.067172
H               -2.807325            1.994599            0.095114
C               -1.310691            0.458234            0.042918
C               -0.142655            1.333149            0.059259
C               -0.258039            2.726737            0.199177
H               -1.235886            3.197685            0.323906
O               -3.586913           -1.211315           -0.011694
O               -1.044517           -0.821158           -0.007795
H               -1.896915           -1.319647           -0.026202
Ni              -5.145643           -2.314299           -0.061861