50
 
C               -4.118212            3.019241            1.377587
H               -5.100746            2.590508            1.636800
H               -4.222927            4.115495            1.405515
H               -3.402289            2.725990            2.161724
C               -2.279476            3.254180           -0.290755
H               -1.535175            3.031831            0.489806
H               -2.413065            4.346571           -0.301011
H               -1.866535            2.959674           -1.268864
C               -4.623723            3.033266           -1.087333
H               -4.333393            2.680762           -2.090339
H               -4.662288            4.132915           -1.114730
H               -5.668088            2.718424           -0.894895
C               -3.621556            2.588483           -0.011953
C               -3.517176            1.076526           -0.017810
C               -2.360711            0.369976           -0.010759
H               -1.469021            0.991717           -0.039269
C               -2.132658           -1.065568            0.024261
C               -0.751379           -1.573589           -0.017176
C               -0.552014           -2.967558            0.011568
H               -1.421057           -3.626166            0.070826
C                0.729195           -3.492208           -0.038762
H                0.877442           -4.574504           -0.019021
C                1.832717           -2.641547           -0.119780
H                0.297582            0.355264           -0.119424
O               -4.739629            0.456068            0.016268
O               -3.062504           -1.906118            0.087008
H               -5.441124            1.116508           -0.122011
C                5.390060            1.364742            1.531937
H                4.800884            2.230269            1.188238
H                6.080001            1.706987            2.321008
H                4.694742            0.639994            1.990919
C                6.947942           -0.488934            0.898105
H                6.277357           -1.224057            1.375126
H                7.682062           -0.177910            1.659512
H                7.501157           -0.992503            0.087577
C                7.155841            1.751166           -0.210670
H                7.726863            1.315432           -1.045226
H                7.868844            2.092531            0.557322
H                6.620384            2.630084           -0.602170
C                6.190777            0.740589            0.386448
C                5.212953            0.286603           -0.677001
C                4.147886           -0.702508           -0.307280
C                2.776862           -0.254916           -0.240700
C                1.659617           -1.254846           -0.144490
C                0.366338           -0.735094           -0.092071
H                2.833868           -3.078418           -0.166943
O                5.225719            0.647618           -1.829054
O                2.512521            0.944348           -0.253674
H                4.421771           -1.761392           -0.235820
Ni              -4.869850           -1.497477            0.111813