50
 
C                4.223360           -1.939010            1.411273
H                3.681230           -1.359978            2.177815
H                4.804282           -2.714759            1.935487
H                3.485806           -2.458041            0.777867
C                5.887903           -1.878617           -0.480284
H                5.186039           -2.396425           -1.153220
H                6.501339           -2.654936            0.003929
H                6.563687           -1.256868           -1.089787
C                6.230913           -0.445410            1.542041
H                6.925333            0.213748            0.998830
H                6.819291           -1.249383            2.010047
H                5.762457            0.145267            2.343997
C                5.191620           -1.054357            0.610403
C                4.369397            0.033730           -0.028846
C                3.288275           -0.337222           -1.029570
H                3.280575           -1.413851           -1.222074
C                1.909977            0.204566           -0.707046
C                0.743205           -0.671593           -0.635305
C                0.798848           -2.061859           -0.856984
H                1.735716           -2.561913           -1.115398
C               -0.353541           -2.827002           -0.756369
H               -0.308514           -3.904929           -0.927510
C               -0.490767           -0.081116           -0.319948
H               -0.563764            0.994911           -0.141345
O                4.563058            1.218789            0.239970
O                1.782045            1.424950           -0.526810
H                3.585724            0.156494           -1.975986
C               -5.932963            1.282572           -1.076523
H               -5.476682            2.170661           -0.610439
H               -6.748997            1.619715           -1.736861
H               -5.169244            0.801213           -1.712524
C               -7.073856           -0.916189           -0.718034
H               -6.340656           -1.410720           -1.378079
H               -7.926209           -0.614886           -1.348873
H               -7.444211           -1.655212            0.012222
C               -7.546071            1.002255            0.827830
H               -7.943708            0.320257            1.595400
H               -8.383244            1.339277            0.195280
H               -7.130981            1.878670            1.349406
C               -6.490069            0.319564           -0.025441
C               -5.344893           -0.132341            0.854562
C               -4.167284           -0.815761            0.223656
H               -4.260260           -1.876292           -0.037936
C               -2.911598           -0.109712            0.152750
C               -1.649991           -0.844136           -0.215348
C               -1.569525           -2.224386           -0.434490
H               -2.460345           -2.852661           -0.350132
O               -5.299007           -0.009119            2.054642
O               -2.856968            1.094899            0.378587
Ni               3.272667            2.567165           -0.207185