50
 
C               -3.167054            2.545484            2.147643
H               -4.007053            2.020189            2.630877
H               -3.176385            3.587297            2.506595
H               -2.226566            2.089787            2.495932
C               -2.103634            3.246490           -0.021824
H               -1.138467            2.808023            0.278375
H               -2.092263            4.301531            0.295876
H               -2.165832            3.232212           -1.122473
C               -4.587690            3.277556            0.228791
H               -4.730166            3.294918           -0.862747
H               -4.535883            4.318785            0.582346
H               -5.477315            2.809556            0.677041
C               -3.309073            2.546790            0.619099
C               -3.365596            1.110257            0.137314
C               -2.215612            0.260058            0.385771
H               -1.409494            0.704519            0.972989
C               -1.973405           -1.025296            0.011336
C               -0.722983           -1.737211            0.289063
C               -0.747657           -3.106975            0.602429
H               -1.698562           -3.646564            0.683807
C                0.435221           -3.779519            0.891340
H                0.407173           -4.839225            1.156235
C                0.506147           -1.062502            0.255356
H                0.525327            0.000296           -0.005392
O               -4.395869            0.710309           -0.443500
O               -2.907282           -1.778584           -0.656138
H               -2.493506           -2.601449           -0.971118
C                6.002974           -0.366621           -1.104472
H                6.321397           -0.917911           -0.205526
H                6.844259           -0.345878           -1.816575
H                5.183302           -0.935270           -1.577864
C                5.070098            1.761825           -2.034343
H                4.237090            1.211001           -2.504513
H                5.883119            1.817964           -2.776792
H                4.737273            2.791998           -1.823359
C                6.740011            1.844048           -0.164552
H                6.442070            2.872570            0.091035
H                7.576595            1.892217           -0.880249
H                7.102614            1.365807            0.758810
C                5.583140            1.064953           -0.768302
C                4.434423            1.023982            0.214122
C                3.217333            0.204173           -0.103165
C                3.032841           -1.057434            0.572643
C                1.691231           -1.735102            0.543013
C                1.645167           -3.095902            0.872342
H                2.585914           -3.595955            1.119227
O                4.382598            1.638207            1.252786
O                3.965026           -1.598239            1.157000
H                2.441826            0.645251           -0.741330
Ni              -4.660270           -1.006055           -1.103000