50
 
C                2.590386           -2.472761            0.175814
H                2.238707           -2.148554            1.178407
H                2.597531           -3.575019            0.210661
H                1.839902           -2.241242           -0.618420
C                4.335728           -2.205706           -1.613399
H                3.622750           -1.745581           -2.318566
H                4.330377           -3.292818           -1.796264
H                5.343037           -1.830968           -1.854340
C                5.013682           -2.579465            0.767735
H                6.019422           -2.176684            0.580943
H                5.036379           -3.666635            0.592603
H                4.781287           -2.402453            1.830012
C                3.988875           -1.922380           -0.147871
C                4.018378           -0.409369            0.057648
C                2.864674            0.356972           -0.400053
H                2.390409            0.073338           -1.357692
C                2.721381            1.721077           -0.004015
C                1.391085            2.316208           -0.122826
C                1.004434            3.662275           -0.201874
H                1.749076            4.462784           -0.248127
C               -0.360663            3.958317           -0.235161
H               -0.676879            5.001588           -0.310747
C                0.410747            1.337323           -0.037469
O                4.939608            0.146679            0.651065
O                3.664757            2.366385            0.587976
H                4.448603            1.737785            0.686805
C               -5.907148           -1.446809            1.335670
H               -5.524600           -2.475409            1.410030
H               -7.007788           -1.487206            1.353065
H               -5.576174           -0.884810            2.224733
C               -6.050593            0.632793           -0.041058
H               -5.770766            1.257293            0.823303
H               -7.148759            0.553592           -0.041271
H               -5.762764            1.157050           -0.967231
C               -5.903015           -1.590335           -1.171285
H               -5.570790           -1.132310           -2.117679
H               -7.003517           -1.634489           -1.186452
H               -5.518514           -2.619966           -1.127586
C               -5.449056           -0.764071            0.039627
C               -3.943115           -0.741860            0.042157
C               -3.169090            0.415605           -0.011262
H               -3.666708            1.383214           -0.058772
C               -1.764509            0.382927           -0.005907
C               -0.946309            1.614178           -0.073938
C               -1.338854            2.956190           -0.177554
H               -2.394998            3.243114           -0.210843
O               -3.392951           -1.921759            0.100991
O               -1.116121           -0.734544            0.052048
H               -2.407004           -1.810754            0.098575
Ni               0.922405           -0.497343            0.108513