50
 
C               -5.873268           -1.922613           -0.237711
H               -6.581282           -1.319484           -0.829071
H               -6.458182           -2.689469            0.294518
H               -5.201570           -2.453703           -0.930753
C               -4.115614           -1.926440            1.568517
H               -3.401352           -2.448536            0.911404
H               -4.662223           -2.698987            2.132859
H               -3.546356           -1.326675            2.298496
C               -6.126786           -0.446057            1.766274
H               -5.624360            0.169288            2.528117
H               -6.681320           -1.243880            2.283599
H               -6.855747            0.192272            1.243866
C               -5.130106           -1.067951            0.797323
C               -4.351505            0.011417            0.091661
C               -3.322032           -0.374566           -0.955848
H               -3.676134            0.090073           -1.897681
C               -1.933317            0.188825           -0.727909
C               -0.752693           -0.671580           -0.731443
C               -0.808046           -2.068064           -0.909415
H               -1.758142           -2.587919           -1.056491
C                0.361163           -2.814104           -0.909674
H                0.316933           -3.896210           -1.052234
C                0.496727           -0.056654           -0.553716
H                0.570413            1.025504           -0.417618
O               -4.542472            1.200818            0.343108
O               -1.808945            1.412687           -0.571124
H               -3.311680           -1.455462           -1.122846
C                5.516666            0.840819            1.904714
H                5.147144            1.839333            1.621103
H                6.131784            0.944992            2.813796
H                4.644386            0.215638            2.164480
C                6.804304           -1.189541            1.209476
H                5.952229           -1.833802            1.486783
H                7.457790           -1.116871            2.094309
H                7.377874           -1.689802            0.411141
C                7.559191            1.084181            0.464371
H                8.163417            0.647005           -0.345652
H                8.198965            1.192324            1.355192
H                7.247609            2.088432            0.137456
C                6.356312            0.214117            0.789178
C                5.485557            0.077417           -0.440651
C                4.220386           -0.726100           -0.355595
H                4.293717           -1.816456           -0.442100
C                2.955905           -0.033121           -0.368921
C                1.673368           -0.799984           -0.553141
C                1.594049           -2.185748           -0.735196
H                2.500527           -2.796896           -0.748020
O                5.731860            0.549572           -1.523957
O                2.907459            1.184249           -0.223344
Ni              -3.293186            2.549470           -0.207353