50
 
C               -3.892544            2.874974            1.693903
H               -4.942878            2.549168            1.611827
H               -3.901780            3.945188            1.954825
H               -3.430602            2.325230            2.529202
C               -1.674943            3.176158            0.594134
H               -1.180008            2.691921            1.450578
H               -1.699688            4.255013            0.810462
H               -1.055639            3.031080           -0.305822
C               -3.747381            3.472652           -0.745827
H               -3.246770            3.294676           -1.711430
H               -3.674357            4.547673           -0.521260
H               -4.831402            3.285121           -0.874305
C               -3.098811            2.672224            0.393131
C               -3.135828            1.195177            0.055148
C               -2.094414            0.335136            0.173185
H               -1.175318            0.801487            0.522949
C               -2.033147           -1.102568           -0.044674
C               -0.749889           -1.798946            0.126533
C               -0.768225           -3.200890            0.233253
H               -1.726246           -3.721834            0.172391
C                0.409144           -3.906565            0.437169
H                0.383077           -4.994159            0.539259
C                0.483167           -1.128790            0.186341
H                0.530992           -0.040587            0.089727
O               -4.374569            0.770456           -0.349921
O               -3.037167           -1.792399           -0.345036
H               -4.949475            1.542393           -0.495460
C                6.035201           -0.336672           -1.001975
H                6.331181           -0.922887           -0.117707
H                6.901457           -0.266802           -1.680302
H                5.244988           -0.898733           -1.529889
C                5.100220            1.816280           -1.869628
H                4.302192            1.271260           -2.402784
H                5.943508            1.926438           -2.571202
H                4.734356            2.827761           -1.624719
C                6.689993            1.839339            0.069371
H                6.362728            2.850083            0.358194
H                7.554719            1.933791           -0.607287
H                7.022373            1.325667            0.985026
C                5.573651            1.069463           -0.616751
C                4.386596            0.961669            0.315642
C                3.198839            0.143773           -0.097805
C                3.002370           -1.160444            0.495181
C                1.668405           -1.835036            0.373947
C                1.620399           -3.226733            0.523100
H                2.559256           -3.756348            0.708976
O                4.288840            1.521018            1.382162
O                3.922918           -1.730453            1.069524
H                2.451419            0.599059           -0.759637
Ni              -4.740896           -1.132566           -0.655204