50
 
C               -3.384003            2.833632            1.759694
H               -4.087451            2.343425            2.452605
H               -3.459925            3.920722            1.923294
H               -2.360208            2.534413            2.034663
C               -2.704552            3.186215           -0.637129
H               -1.666046            2.889566           -0.419842
H               -2.762323            4.279949           -0.516020
H               -2.915518            2.957962           -1.694746
C               -5.121439            3.063285           -0.018731
H               -5.409420            2.861505           -1.061898
H               -5.136223            4.153496            0.133350
H               -5.887073            2.617641            0.634618
C               -3.730098            2.528258            0.295913
C               -3.692856            1.027070            0.089069
C               -2.436386            0.337519            0.319305
H               -1.615381            0.951294            0.694699
C               -2.098930           -0.965909            0.129872
C               -0.746213           -1.497339            0.326395
C               -0.557308           -2.804106            0.813455
H               -1.410476           -3.421026            1.118930
C                0.727382           -3.307336            0.972724
H                0.871430           -4.317026            1.364490
C                0.370348           -0.717281            0.014486
H                0.270817            0.293708           -0.393118
O               -4.736601            0.441084           -0.266227
O               -3.016424           -1.908654           -0.264726
H               -2.552415           -2.726642           -0.515381
C                5.384246            1.827578            0.953722
H                4.830912            2.539961            0.320931
H                6.061935            2.400583            1.607969
H                4.655615            1.310124            1.602288
C                6.912390           -0.153317            1.029372
H                6.212479           -0.672660            1.706337
H                7.636176            0.385117            1.662919
H                7.471624           -0.910213            0.453974
C                7.201006            1.579415           -0.762236
H                7.782090            0.879801           -1.383042
H                7.902855            2.149778           -0.132476
H                6.696158            2.282297           -1.442957
C                6.198512            0.842874            0.110419
C                5.235091            0.073103           -0.766186
C                4.155954           -0.744673           -0.119429
H                4.422620           -1.729512            0.281151
C                2.788361           -0.299984           -0.223253
C                1.662625           -1.219289            0.169943
C                1.832298           -2.522177            0.648587
H                2.832894           -2.943548            0.774339
O                5.265737            0.039215           -1.972569
O                2.524334            0.829591           -0.624158
Ni              -4.880718           -1.380208           -0.600770