50
 
C                4.297268           -2.920473           -0.450982
H                3.577033           -2.985457            0.381056
H                4.850710           -3.873091           -0.480136
H                3.742453           -2.835980           -1.399605
C                6.259380           -1.731604           -1.442973
H                5.728565           -1.561620           -2.394216
H                6.791384           -2.693843           -1.519634
H                7.004427           -0.931840           -1.316032
C                6.048758           -1.957928            1.050904
H                6.790716           -1.158424            1.196034
H                6.577491           -2.924807            1.041491
H                5.364824           -1.955286            1.915869
C                5.288352           -1.782664           -0.263035
C                4.574149           -0.412817           -0.206105
C                3.189058           -0.246635           -0.353024
H                2.510159           -1.072434           -0.557561
C                2.811713            1.114023           -0.310417
C                1.377671            1.517025           -0.483563
C                1.097016            2.785965           -0.989192
H                1.935821            3.446282           -1.225081
C               -0.221414            3.187202           -1.218351
H               -0.419510            4.172371           -1.648320
C                0.315517            0.656289           -0.127971
H                0.521218           -0.408254            0.064807
O                5.316996            0.576272           -0.024620
O                3.635325            2.026784           -0.140197
C               -6.763719           -0.560598            0.251189
H               -6.764741           -1.014369            1.253105
H               -7.725531           -0.792965           -0.232451
H               -6.698270            0.534488            0.361867
C               -5.696950           -0.488589           -2.008542
H               -5.638985            0.611968           -1.979648
H               -6.663112           -0.749845           -2.467108
H               -4.907628           -0.869361           -2.677390
C               -5.733076           -2.633252           -0.724436
H               -4.912351           -3.055911           -1.327274
H               -6.682147           -2.890544           -1.220547
H               -5.722375           -3.111427            0.266051
C               -5.621801           -1.105686           -0.618261
C               -4.326352           -0.789382            0.079158
C               -3.297032           -0.023808           -0.473458
H               -3.396452            0.367202           -1.485660
C               -2.120647            0.244088            0.238044
C               -1.030718            1.106166           -0.297748
C               -1.283574            2.358605           -0.879484
H               -2.316625            2.690350           -1.020919
O               -4.226284           -1.296790            1.273477
O               -1.886955           -0.198879            1.419257
H               -3.351005           -1.058237            1.668943
Ni              -0.281797            0.905942            1.783875