50
 
C               -3.944221            3.111043            1.335898
H               -4.993871            2.783368            1.301310
H               -3.933837            4.210307            1.404987
H               -3.480821            2.713146            2.253999
C               -1.746808            3.211348            0.158287
H               -1.216094            2.865369            1.060697
H               -1.778802            4.310796            0.206741
H               -1.153570            2.945566           -0.732351
C               -3.857846            3.228447           -1.171811
H               -3.331563            2.916241           -2.089230
H               -3.846377            4.329304           -1.137193
H               -4.906344            2.902459           -1.240165
C               -3.170915            2.676746            0.083989
C               -3.232583            1.162459            0.012171
C               -2.101145            0.356107            0.022019
H               -1.146882            0.872504            0.085468
C               -2.060903           -1.069825           -0.035056
C               -0.785890           -1.791779           -0.004351
C               -0.812244           -3.199641           -0.036828
H               -1.775400           -3.710763           -0.089515
C                0.366351           -3.929136            0.001316
H                0.334433           -5.020936           -0.022239
C                0.458995           -1.137531            0.064935
H                0.511734           -0.047451            0.091819
O               -4.450612            0.690464           -0.057271
O               -3.115207           -1.797635           -0.110835
C                5.586020            0.198216           -1.538088
H                5.885513           -0.803341           -1.192320
H                6.340580            0.551554           -2.260183
H                4.636365            0.099498           -2.091549
C                5.030543            2.556104           -0.890308
H                4.053511            2.510054           -1.401677
H                5.761477            2.942318           -1.620098
H                4.958165            3.287531           -0.068202
C                6.855085            1.328478            0.294087
H                6.816731            2.041524            1.131054
H                7.601232            1.683851           -0.434921
H                7.198567            0.363358            0.698766
C                5.496246            1.187056           -0.376910
C                4.473009            0.741251            0.658223
C                3.094061            0.278461            0.184865
H                2.821404            0.645560           -0.821913
C                3.004033           -1.228525            0.182091
C                1.642914           -1.866068            0.104815
C                1.588224           -3.267032            0.072745
H                2.535368           -3.813534            0.107718
O                4.674877            0.773648            1.845441
O                3.986969           -1.928746            0.225007
H                2.362517            0.691821            0.899845
Ni              -4.797136           -1.051751           -0.142576