50
 
C                5.650998            1.878283           -0.410710
H                5.103424            2.217744           -1.305466
H                6.696220            2.202634           -0.531357
H                5.252477            2.401343            0.474303
C                6.423040           -0.035932            0.991195
H                5.999127            0.409074            1.906785
H                7.455849            0.332510            0.887170
H                6.463619           -1.128057            1.117360
C                6.221321           -0.292865           -1.499261
H                6.258811           -1.388433           -1.406396
H                7.251532            0.071504           -1.637556
H                5.650164           -0.035377           -2.406744
C                5.617150            0.364054           -0.251490
C                4.212478           -0.183409           -0.080252
C                3.081047            0.623865           -0.064553
H                3.252786            1.690531           -0.183110
C                1.724389            0.203456            0.075297
C                0.633174            1.182414            0.086669
C                0.858742            2.572360            0.076719
H                1.871594            2.979154            0.057239
C               -0.209143            3.458398            0.108625
H               -0.022185            4.534682            0.105598
C               -0.692557            0.710563            0.127581
H               -0.859762           -0.368540            0.136373
O                4.168054           -1.483132            0.052458
O                1.377753           -1.026897            0.193078
C               -5.905328            0.156204           -1.603585
H               -6.061844            1.182052           -1.235562
H               -6.686103           -0.062835           -2.350603
H               -4.938310            0.126279           -2.134415
C               -5.721512           -2.273701           -1.012594
H               -4.735804           -2.360257           -1.501539
H               -6.483252           -2.527572           -1.768490
H               -5.779233           -3.028281           -0.210535
C               -7.371813           -0.817930            0.170085
H               -7.460287           -1.550670            0.985952
H               -8.144973           -1.037932           -0.583747
H               -7.577040            0.176840            0.596215
C               -5.991598           -0.863909           -0.469902
C               -4.937210           -0.605783            0.598380
C               -3.497708           -0.326487            0.166613
H               -3.254603           -0.702233           -0.844437
C               -3.201002            1.153088            0.207939
C               -1.763996            1.594792            0.158769
C               -1.512638            2.975181            0.149001
H               -2.372563            3.650913            0.177259
O               -5.168981           -0.654125            1.779661
O               -4.078357            1.981256            0.264277
H               -2.844496           -0.853602            0.882387
Ni               2.638218           -2.368005            0.261085