50
 
C                2.395154            3.256963            0.065983
H                1.786954            3.049078           -0.829641
H                2.570990            4.343538            0.090565
H                1.805922            3.006381            0.963304
C                4.538030            2.895463            1.293749
H                4.007975            2.583786            2.209107
H                4.671430            3.987858            1.340120
H                5.535766            2.431647            1.289149
C                4.516187            2.965573           -1.216985
H                5.513761            2.503131           -1.255454
H                4.648764            4.058948           -1.204859
H                3.970618            2.704739           -2.139118
C                3.737773            2.538833            0.034155
C                3.600067            1.028840           -0.004823
C                2.371734            0.379362            0.003899
H                1.490914            1.015515            0.041184
C                2.145181           -1.028845           -0.025547
C                0.780806           -1.568155           -0.002859
C                0.602083           -2.967108           -0.007135
H                1.479023           -3.616930           -0.032719
C               -0.670775           -3.511574            0.023817
H               -0.801293           -4.596202            0.020078
C               -0.351540           -0.742980            0.027892
H               -0.295551            0.348711            0.024303
O                4.744951            0.396571           -0.044449
O                3.090191           -1.895391           -0.069065
C               -5.346061            1.281876           -1.582505
H               -4.561000            2.016673           -1.343319
H               -6.051478            1.750030           -2.288908
H               -4.874315            0.437833           -2.114014
C               -7.135188           -0.230994           -0.684498
H               -6.683454           -1.117558           -1.161081
H               -7.865575            0.184697           -1.398448
H               -7.691091           -0.563906            0.207680
C               -6.802518            2.039567            0.301808
H               -7.350509            1.749516            1.210868
H               -7.518311            2.477288           -0.412773
H               -6.078422            2.818310            0.588908
C               -6.101684            0.844319           -0.327580
C               -5.146509            0.234536            0.688017
C               -4.180024           -0.857731            0.227559
H               -4.457595           -1.327570           -0.734113
C               -2.780993           -0.312429            0.101038
C               -1.634158           -1.285716            0.066272
C               -1.788378           -2.675485            0.065344
H               -2.787351           -3.119946            0.094678
O               -5.125029            0.547389            1.851196
O               -2.556230            0.873091            0.017866
H               -4.199607           -1.650575            0.994701
Ni               4.857402           -1.376934           -0.088936