50
 
C                7.775804           -0.993486           -1.255548
H                7.599237           -2.079644           -1.266541
H                8.863443           -0.816897           -1.288503
H                7.334693           -0.563621           -2.170166
C                7.483178            1.145690            0.000301
H                7.082206            1.646266           -0.896076
H                8.575060            1.296896            0.000443
H                7.081992            1.646108            0.896672
C                7.775545           -0.993718            1.255818
H                7.334249           -0.564017            2.170425
H                8.863178           -0.817143            1.289030
H                7.598967           -2.079877            1.266577
C                7.191205           -0.346901            0.000134
C                5.673944           -0.630747           -0.000051
C                4.696304            0.369616           -0.000042
H                4.934810            1.430248            0.000062
C                3.387199           -0.164015           -0.000176
C                2.180420            0.724905           -0.000083
C                2.256758            2.121353            0.000001
H                3.228616            2.620462            0.000002
C                1.096276            2.893991            0.000078
H                1.168730            3.984073            0.000137
C                0.926456            0.115504           -0.000085
H                0.881719           -0.975829           -0.000154
O                5.351862           -1.842153           -0.000083
O                3.191112           -1.392902           -0.000174
C               -5.380052            1.823110            1.258958
H               -5.301510            1.217180            2.176763
H               -6.340665            2.363062            1.286672
H               -4.578272            2.575784            1.282971
C               -5.379787            1.823236           -1.258648
H               -4.577962            2.575871           -1.282429
H               -6.340379            2.363220           -1.286509
H               -5.301081            1.217380           -2.176489
C               -6.509444            0.003995           -0.000039
H               -6.563036           -0.602354           -0.951600
H               -7.460203            0.557801            0.000032
H               -6.563049           -0.602673            0.951308
C               -5.308079            0.953397            0.000125
C               -3.995686            0.167959            0.000145
C               -2.771970            0.850346            0.000166
H               -2.783737            1.939151            0.000292
C               -1.535652            0.192573            0.000002
C               -0.247499            0.881375           -0.000002
C               -0.149062            2.284163            0.000080
H               -1.043351            2.911614            0.000138
O               -4.035974           -1.115386           -0.000209
O               -1.464367           -1.110851           -0.000117
H               -2.380341           -1.478643           -0.000046
Ni              -5.737483           -1.978863           -0.000184