50
 
C                3.928612           -1.310104            1.803578
H                4.763267           -0.634666            2.049188
H                4.259049           -2.339912            2.014105
H                3.087353           -1.079218            2.477235
C                2.359730           -2.101267            0.001026
H                1.536302           -2.011086            0.740489
H                2.642460           -3.166428            0.020987
H                1.998902           -1.933564           -1.046142
C                4.734730           -1.568288           -0.554566
H                4.499927           -1.475232           -1.626891
H                5.018060           -2.612869           -0.353045
H                5.607287           -0.932661           -0.347418
C                3.546163           -1.188587            0.323048
C                3.129435            0.245756            0.066566
C                1.860646            0.735516            0.448075
H                1.422927            0.289674            1.356709
C                1.538461            2.148229            0.151055
C                0.137975            2.612848            0.258519
C               -0.178833            3.918732           -0.142299
H                0.637705            4.607201           -0.376174
C               -1.508162            4.307328           -0.270410
H               -1.751356            5.329354           -0.570515
C               -0.899038            1.720973            0.545679
H               -0.683516            0.723231            0.931893
O                3.973546            0.978688           -0.563234
O                2.400859            2.891014           -0.322796
H                3.595795            1.926498           -0.590613
C               -3.227319           -3.222446            1.135760
H               -2.793497           -2.881549            2.090894
H               -3.251520           -4.323435            1.156772
H               -4.275504           -2.888450            1.090764
C               -3.145546           -3.119247           -1.365849
H               -4.130846           -2.627496           -1.419449
H               -3.310226           -4.208361           -1.408044
H               -2.562804           -2.821387           -2.252224
C               -1.048425           -3.453081           -0.043325
H               -0.436576           -3.183978           -0.919536
H               -1.187383           -4.545212           -0.067525
H               -0.491736           -3.217994            0.882325
C               -2.408404           -2.759160           -0.066081
C               -2.212398           -1.248860           -0.115477
C               -3.141894           -0.384564            0.515788
H               -3.990994           -0.854362            1.022101
C               -3.337776            1.087466            0.425171
C               -2.226235            2.067386            0.314927
C               -2.527779            3.380110           -0.072001
H               -3.576786            3.646283           -0.230226
O               -1.240320           -0.791487           -0.797059
O               -4.498760            1.448920            0.406065
Ni               0.573124           -0.579067           -0.520163