50
 
C                7.165486            0.196663           -1.720590
H                6.960231           -0.717887           -2.301633
H                8.170848            0.552343           -2.001678
H                6.444212            0.969257           -2.032960
C                7.362581            1.218534            0.562659
H                6.640515            2.010019            0.303687
H                8.370511            1.603905            0.334834
H                7.307702            1.048674            1.650856
C                8.193077           -1.098021            0.148758
H                8.181951           -1.326062            1.225575
H                9.188309           -0.703649           -0.113046
H                8.043932           -2.047458           -0.388257
C                7.122168           -0.078884           -0.215073
C                5.748676           -0.625047            0.153805
C                4.569994            0.178662           -0.125613
H                4.679171            1.161621           -0.583869
C                3.325579           -0.291163            0.203735
C                2.070323            0.455539           -0.033576
C                2.030170            1.653691           -0.764131
H                2.949303            2.063333           -1.190455
C                0.833205            2.331512           -0.971089
H                0.827196            3.259753           -1.547288
C                0.877665           -0.051784            0.483082
H                0.882237           -0.985973            1.050300
O                5.637599           -1.734993            0.687593
O                3.142709           -1.460072            0.777791
H                4.060138           -1.861260            0.891562
C               -5.678339            1.192658            1.826989
H               -5.696261            0.266548            2.424703
H               -6.663846            1.677819            1.917026
H               -4.939406            1.871534            2.279022
C               -5.306352            2.217765           -0.445062
H               -4.550929            2.908876           -0.039741
H               -6.278583            2.734886           -0.396739
H               -5.068467            2.036060           -1.506435
C               -6.482883            0.030302           -0.224349
H               -6.353444           -0.134602           -1.332405
H               -7.467201            0.516913           -0.152297
H               -6.612842           -0.915720            0.375077
C               -5.371935            0.911021            0.353057
C               -4.028939            0.196124            0.240750
C               -2.844545            0.811792            0.743936
H               -2.908364            1.799812            1.216995
C               -1.560571            0.056516            0.837183
C               -0.328156            0.628878            0.283458
C               -0.350196            1.823976           -0.446127
H               -1.294297            2.355780           -0.613426
O               -3.948715           -0.924755           -0.321875
O               -1.636004           -0.993431            1.444120
Ni              -5.518549           -1.778247           -0.911473