50
 
C                6.531544            0.294642           -1.150867
H                6.684575           -0.793943           -1.193006
H                7.521235            0.777696           -1.132299
H                6.020613            0.614042           -2.074541
C                5.615254            2.224661            0.137734
H                5.118789            2.627215           -0.760732
H                6.622225            2.668565            0.173287
H                5.077186            2.577265            1.033251
C                6.472468            0.224527            1.358324
H                5.917331            0.490929            2.273259
H                7.460560            0.707943            1.414165
H                6.626417           -0.864673            1.346055
C                5.743192            0.707064            0.098362
C                4.402059           -0.005546            0.046590
C                3.178558            0.691732            0.035908
H                3.233503            1.777417            0.067332
C                1.890134            0.105657           -0.012223
C                0.669997            0.931409           -0.026098
C                0.698063            2.338210            0.006113
H                1.642431            2.884908            0.052102
C               -0.484160            3.063755           -0.022555
H               -0.451618            4.155387            0.002730
C               -1.710822            2.404326           -0.088264
H               -0.630627           -0.806802           -0.104657
O                4.477010           -1.286417            0.012404
O                1.711180           -1.164643           -0.047900
C               -5.696929           -0.958267            1.622118
H               -5.030914           -1.797907            1.368662
H               -6.425853           -1.312227            2.369988
H               -5.092761           -0.174982            2.110542
C               -7.320186            0.754770            0.767027
H               -6.740840            1.582565            1.209625
H               -8.067287            0.443263            1.515983
H               -7.865519            1.142609           -0.109169
C               -7.317294           -1.556133           -0.185145
H               -7.869381           -1.210566           -1.071929
H               -8.045428           -1.894677            0.569546
H               -6.707893           -2.421044           -0.491349
C               -6.447097           -0.449340            0.392484
C               -5.474319            0.031461           -0.679370
C               -4.338869            0.971481           -0.280553
H               -4.517961            1.501596            0.672434
C               -3.035606            0.216186           -0.180108
C               -1.760059            1.006709           -0.117116
C               -0.568844            0.283637           -0.081868
H               -2.631508            2.994022           -0.115430
O               -5.575962           -0.269141           -1.841170
O               -2.998672           -0.992007           -0.142551
H               -4.258947            1.737326           -1.071045
Ni               3.043597           -2.406925           -0.062287