50
 
C               -4.516449            2.965270            1.217154
H               -5.514234            2.503231            1.254963
H               -4.648499            4.058714            1.205619
H               -3.971333            2.703645            2.139332
C               -2.395135            3.256948           -0.065331
H               -1.787282            3.049040            0.830521
H               -2.570899            4.343523           -0.089979
H               -1.805585            3.006332           -0.962428
C               -4.537799            2.895882           -1.293595
H               -4.007592            2.584522           -2.208957
H               -4.671228            3.988290           -1.339636
H               -5.535547            2.432073           -1.289327
C               -3.737791            2.538877           -0.033980
C               -3.600109            1.028870            0.004769
C               -2.371780            0.379383           -0.003389
C               -2.145256           -1.028844            0.025715
C               -0.780863           -1.568153            0.003209
C               -0.602172           -2.967105            0.007242
H               -1.479126           -3.616918            0.032537
C                0.670686           -3.511603           -0.023578
H                0.801180           -4.596234           -0.020003
C                0.351499           -0.742990           -0.027193
H                0.295539            0.348700           -0.023428
O               -4.745014            0.396581            0.043642
O               -3.090276           -1.895403            0.068574
H               -1.490892            1.015450           -0.040096
C                5.347279            1.282107            1.582192
H                4.561975            2.016746            1.343344
H                6.053130            1.750518            2.287988
H                4.875993            0.438158            2.114255
C                7.135687           -0.231091            0.683255
H                6.684114           -1.117629            1.160036
H                7.866449            0.184536            1.396858
H                7.691119           -0.564023           -0.209207
C                6.802651            2.039404           -0.303103
H                7.349964            1.749226           -1.212532
H                7.519009            2.477069            0.410944
H                6.078464            2.818236           -0.589735
C                6.102090            0.844301            0.326862
C                5.146176            0.234518           -0.688038
C                4.179989           -0.857735           -0.226888
H                4.457937           -1.327228            0.734847
C                2.780964           -0.312486           -0.099978
C                1.634102           -1.285755           -0.065498
C                1.788304           -2.675527           -0.064784
H                2.787277           -3.119993           -0.094020
O                5.123856            0.547341           -1.851208
O                2.556243            0.873003           -0.016281
H                4.199415           -1.650834           -0.993762
Ni              -4.857510           -1.376891            0.088349