50
 
C               -1.662038            2.008346            1.692498
H               -2.143337            1.292380            2.379990
H               -1.328260            2.868213            2.295085
H               -0.757735            1.538681            1.273016
C               -1.920068            3.451365           -0.357127
H               -1.025795            3.003764           -0.819241
H               -1.582178            4.339750            0.199557
H               -2.592966            3.799032           -1.157806
C               -3.807419            3.234717            1.271499
H               -4.537282            3.584507            0.525326
H               -3.432217            4.112684            1.819121
H               -4.338732            2.588686            1.986965
C               -2.639304            2.509237            0.617127
C               -3.134485            1.297788           -0.127050
C               -2.145097            0.431233           -0.888953
H               -1.142457            0.866862           -0.863070
C               -2.155317           -1.031671           -0.491575
C               -0.938881           -1.713198           -0.063368
C               -1.048659           -3.055832            0.351321
H               -2.025880           -3.542191            0.309801
C                0.063201           -3.738270            0.819988
H               -0.031468           -4.775098            1.151242
C                0.321950           -1.089613           -0.027936
H                0.444570           -0.049681           -0.343918
O               -4.327716            0.996690           -0.135161
O               -3.230005           -1.651246           -0.550303
H               -2.484413            0.457763           -1.943124
C                6.040462           -0.659002           -0.628777
H                6.181740           -1.042807            0.394002
H                7.000251           -0.736603           -1.165433
H                5.320479           -1.320426           -1.141969
C                5.310761            1.257301           -2.064272
H                4.580222            0.611458           -2.581285
H                6.249516            1.211413           -2.640381
H                4.948245            2.298513           -2.097762
C                6.602298            1.697392            0.040460
H                6.268767            2.746469            0.055819
H                7.558504            1.644938           -0.504732
H                6.782320            1.392137            1.083150
C                5.574071            0.797636           -0.625118
C                4.262668            0.890522            0.120943
C                3.121704           -0.000837           -0.272969
C                2.786590           -1.125381            0.570981
C                1.439422           -1.773958            0.438884
C                1.297397           -3.095448            0.881461
H                2.182627           -3.601284            1.278275
O                4.021500            1.666643            1.015493
O                3.593834           -1.569607            1.378262
H                2.498880            0.287231           -1.129404
Ni              -4.902494           -0.745364           -0.699202