50
 
C               -4.516198            2.965192            1.217448
H               -5.513973            2.503136            1.255378
H               -4.648285            4.058630            1.205959
H               -3.970972            2.703551            2.139557
C               -2.395071            3.257023           -0.065298
H               -1.787056            3.049046            0.830431
H               -2.570900            4.343597           -0.089818
H               -1.805651            3.006510           -0.962513
C               -4.537901            2.895920           -1.293283
H               -4.007872            2.584560           -2.208745
H               -4.671312            3.988334           -1.339254
H               -5.535670            2.432148           -1.288827
C               -3.737687            2.538868           -0.033798
C               -3.599962            1.028859            0.004785
C               -2.371599            0.379409           -0.003712
H               -1.490764            1.015557           -0.040542
C               -2.145089           -1.028794            0.025517
C               -0.780715           -1.568157            0.003181
C               -0.602018           -2.967104            0.008299
H               -1.478965           -3.616902            0.034278
C                0.670836           -3.511616           -0.022280
H                0.801326           -4.596244           -0.017841
C                1.788454           -2.675579           -0.064325
H                0.295675            0.348672           -0.025304
O               -4.744822            0.396559            0.043855
O               -3.090132           -1.895328            0.068610
C                5.344818            1.282233            1.582164
H                4.559276            2.016340            1.342431
H                6.049681            1.751202            2.288575
H                4.873564            0.438064            2.113912
C                7.135048           -0.230009            0.685274
H                6.683533           -1.116732            1.161770
H                7.864854            0.186199            1.399518
H                7.691548           -0.562757           -0.206590
C                6.801602            2.040110           -0.301814
H                7.350086            1.750078           -1.210579
H                7.516893            2.478399            0.412920
H                6.077217            2.818409           -0.589401
C                6.101126            0.844692            0.327658
C                5.146833            0.233967           -0.688215
C                4.180111           -0.858042           -0.227676
H                4.457413           -1.327662            0.734181
C                2.781097           -0.312568           -0.101686
C                1.634249           -1.285809           -0.066171
C                0.351642           -0.743023           -0.028113
H                2.787418           -3.120077           -0.093352
O                5.126355            0.545820           -1.851681
O                2.556357            0.873030           -0.019567
H                4.199725           -1.651095           -0.994605
Ni              -4.857368           -1.376966            0.088250