50
 
C               -6.277668            0.542075            1.470891
H               -6.465164           -0.531115            1.641662
H               -7.242693            1.062445            1.577981
H               -5.607451            0.900084            2.268441
C               -5.500259            2.339699           -0.071206
H               -4.873718            2.761390            0.730500
H               -6.480231            2.836216           -0.003795
H               -5.059781            2.603611           -1.046256
C               -6.653785            0.348760           -1.009863
H               -6.232471            0.481739           -2.019513
H               -7.587642            0.928757           -0.954536
H               -6.969214           -0.707087           -0.900202
C               -5.689173            0.835606            0.081575
C               -4.378089            0.083989           -0.035460
C               -3.144931            0.647223           -0.028913
H               -3.155445            1.732793            0.044259
C               -1.831161            0.023061           -0.076395
C               -0.627003            0.869863           -0.097406
C               -0.661244            2.265768           -0.269645
H               -1.603955            2.798235           -0.415366
C                0.518808            2.995959           -0.279452
H                0.487035            4.079164           -0.418065
C                1.743959            2.352920           -0.110112
H                0.672583           -0.844179            0.194314
O               -4.546950           -1.274847           -0.106464
O               -1.668484           -1.219357           -0.083000
H               -5.490920           -1.477374           -0.228509
C                5.812330           -1.235559           -1.352543
H                5.306468           -2.095829           -0.885610
H                6.528075           -1.615729           -2.100100
H                5.050742           -0.646687           -1.893421
C                7.167085            0.838824           -0.997767
H                6.409393            1.442394           -1.526565
H                7.906106            0.513404           -1.748461
H                7.688453            1.486550           -0.273213
C                7.633953           -1.206872            0.376010
H                8.163376           -0.610217            1.134776
H                8.370519           -1.563573           -0.362225
H                7.203450           -2.082376            0.886927
C                6.555376           -0.390440           -0.316445
C                5.560282            0.105714            0.711048
C                4.347451            0.858863            0.248070
C                3.071232            0.185492            0.261641
C                1.802106            0.965129            0.059170
C                0.613752            0.238277            0.058090
H                2.657752            2.953158           -0.108167
O                5.671234           -0.030631            1.905391
O                3.012782           -1.029224            0.430562
H                4.444621            1.934429            0.060558
Ni              -3.008810           -2.496208           -0.091252