50
 
C                6.818847           -1.910192            1.257870
H                7.619459           -1.155349            1.268742
H                7.282159           -2.909931            1.292362
H                6.215094           -1.783624            2.171885
C                4.883480           -2.865923            0.001095
H                4.243676           -2.811538            0.897128
H                5.368718           -3.855751            0.001987
H                4.244866           -2.812467           -0.895846
C                6.821962           -1.913020           -1.252968
H                6.220494           -1.788644           -2.168785
H                7.285460           -2.912779           -1.283990
H                7.622517           -1.158120           -1.263653
C                5.957058           -1.788474            0.001217
C                5.343559           -0.372910           -0.000733
C                3.967660           -0.120952            0.000042
H                3.219782           -0.910030            0.001677
C                3.680868            1.264019           -0.001313
C                2.271665            1.774109           -0.000746
C                2.073478            3.160940           -0.000463
H                2.954760            3.808022           -0.000665
C                0.787770            3.694502            0.000047
H                0.645635            4.777743            0.000293
C                1.164143            0.930829           -0.000620
H                1.293070           -0.152806           -0.000969
O                6.168004            0.571194           -0.002644
O                4.592460            2.110272           -0.002995
C               -5.349664            1.415646            1.262453
H               -5.159409            0.832956            2.178955
H               -6.393913            1.767464            1.291559
H               -4.702179            2.304468            1.288048
C               -5.350643            1.421654           -1.255170
H               -4.703271            2.310647           -1.277123
H               -6.394890            1.773665           -1.281697
H               -5.161221            0.843393           -2.174636
C               -6.123590           -0.577706           -0.000889
H               -6.064652           -1.181887           -0.953565
H               -7.160264           -0.208884           -0.000758
H               -6.065767           -1.184790            0.950126
C               -5.118314            0.577037            0.001515
C               -3.682974            0.048951            0.000276
C               -2.608979            0.948269            0.000417
H               -2.825922            2.015054            0.001097
C               -1.270467            0.536939           -0.000214
C               -0.138270            1.457075           -0.000174
C               -0.313954            2.852480            0.000194
H               -1.313930            3.292043            0.000524
O               -3.482171           -1.219907           -0.000280
O               -0.956310           -0.732390           -0.001023
H               -1.789457           -1.262620           -0.001122
Ni              -4.997803           -2.381043           -0.002038