50
 
C               -7.672969           -1.200270            1.189199
H               -7.718748           -2.154518            0.643781
H               -8.694273           -0.934266            1.506947
H               -7.063151           -1.349357            2.096104
C               -7.091072            1.223055            1.099280
H               -6.495694            1.145251            2.024203
H               -8.121564            1.477800            1.394096
H               -6.704578            2.064673            0.500725
C               -7.961585            0.086534           -0.942411
H               -7.561390            0.877694           -1.598435
H               -8.985688            0.372369           -0.652036
H               -8.015181           -0.847181           -1.521542
C               -7.098762           -0.081140            0.313303
C               -5.714175           -0.498176           -0.125461
C               -4.555608            0.205799            0.140997
H               -4.622637            1.135071            0.702347
C               -3.294332           -0.284923           -0.328668
C               -2.033442            0.478694           -0.040524
C               -1.983380            1.642242            0.738533
H               -2.897742            2.048588            1.177642
C               -0.776674            2.299224            0.975106
H               -0.759731            3.203050            1.588848
C               -0.848677           -0.016915           -0.582995
H               -0.883470           -0.926637           -1.189807
O               -5.693212           -1.618141           -0.801746
O               -3.187688           -1.336583           -0.981135
H               -4.738285           -1.801085           -1.045911
C                5.771615            1.159446           -1.766582
H                5.801646            0.231625           -2.361136
H                6.767990            1.628358           -1.812240
H                5.065309            1.848935           -2.253332
C                5.310028            2.196539            0.483467
H                4.582985            2.896462            0.042694
H                6.290386            2.700429            0.478571
H                5.021414            2.020772            1.533252
C                6.463225           -0.008623            0.322187
H                6.280231           -0.168149            1.423538
H                7.457030            0.463030            0.294470
H                6.606189           -0.958448           -0.268347
C                5.393308            0.886713           -0.307921
C                4.035816            0.192815           -0.254638
C                2.885210            0.822660           -0.811458
H                2.983334            1.797949           -1.304643
C                1.591029            0.087509           -0.937391
C                0.364547            0.639030           -0.355695
C                0.398669            1.800982            0.428550
H                1.349813            2.313876            0.616730
O                3.912004           -0.925024            0.308078
O                1.667185           -0.930648           -1.595892
Ni               5.441888           -1.799654            0.968849