50
 
C                1.747057            3.211250           -0.159382
H                1.216909            2.865231           -1.062110
H                1.779108            4.310691           -0.207857
H                1.153241            2.945539            0.730892
C                3.857257            3.228350            1.172061
H                3.330181            2.916471            2.089132
H                3.846144            4.329203            1.137190
H                4.905610            2.902065            1.241256
C                3.945211            3.110869           -1.335583
H                4.994856            2.783258           -1.300286
H                3.934804            4.210126           -1.404751
H                3.482447            2.712886           -2.253970
C                3.171103            2.676612           -0.084157
C                3.232690            1.162322           -0.012226
C                2.101211            0.356053           -0.022234
H                1.147005            0.872513           -0.085873
C                2.060820           -1.069892            0.034944
C                0.785717           -1.791722            0.004139
C                0.811922           -3.199584            0.036836
H                1.775023           -3.710784            0.089759
C               -0.366735           -3.928968           -0.001377
H               -0.334925           -5.020766            0.022340
C               -0.459096           -1.137361           -0.065412
H               -0.511730           -0.047286           -0.092535
O                4.450679            0.690265            0.057566
O                3.115019           -1.797810            0.110830
C               -5.584114            0.197916            1.538963
H               -5.883549           -0.803828            1.193693
H               -6.338087            0.551059            2.261765
H               -4.633861            0.099702            2.091493
C               -5.030930            2.556089            0.890414
H               -4.053457            2.510842            1.401024
H               -5.761596            2.941835            1.620719
H               -4.959728            3.287432            0.068134
C               -6.855436            1.326870           -0.292423
H               -6.818307            2.039950           -1.129408
H               -7.601337            1.681585            0.437160
H               -7.198389            0.361446           -0.696835
C               -5.495968            1.186586            0.377552
C               -4.473068            0.741873           -0.658411
C               -3.093871            0.278886           -0.186042
H               -2.820360            0.646402            0.820351
C               -3.004111           -1.228099           -0.182900
C               -1.643080           -1.865791           -0.105348
C               -1.588534           -3.266748           -0.073081
H               -2.535726           -3.813165           -0.108111
O               -4.675446            0.775503           -1.845508
O               -3.987129           -1.928198           -0.225958
H               -2.362808            0.691754           -0.901812
Ni               4.796975           -1.051975            0.143043