50
 
C               -5.629186            0.098976            1.177776
H               -6.091033           -0.508112            0.383148
H               -6.357691            0.204122            1.998507
H               -4.762503           -0.459274            1.573468
C               -4.570301            2.279070            1.801243
H               -3.709151            1.743620            2.237412
H               -5.299492            2.435995            2.612856
H               -4.232345            3.272107            1.460026
C               -6.440782            2.232323            0.128707
H               -6.162786            3.229847           -0.245435
H               -7.193677            2.357019            0.923600
H               -6.906016            1.685001           -0.705721
C               -5.231945            1.486248            0.668621
C               -4.210151            1.318445           -0.431962
C               -2.927811            0.588234           -0.150922
H               -2.115128            1.143580            0.332124
C               -2.743261           -0.729865           -0.701376
C               -1.374597           -1.361145           -0.718385
C               -1.302415           -2.706172           -1.125088
H               -2.238750           -3.205485           -1.389636
C               -0.084099           -3.354807           -1.233073
H               -0.041543           -4.374981           -1.625056
C               -0.205466           -0.681715           -0.386925
H               -0.232236            0.363520           -0.063515
O               -4.307688            1.757514           -1.552239
O               -3.691628           -1.362718           -1.152873
C                5.665467            2.451588           -0.965463
H                6.407160            1.983790           -0.301412
H                6.033294            3.452322           -1.241674
H                5.592674            1.852833           -1.888360
C                3.325151            3.294445           -1.217038
H                3.207856            2.759464           -2.173732
H                3.711636            4.297661           -1.453856
H                2.330795            3.429502           -0.760355
C                4.448801            3.407280            1.013644
H                3.485423            3.507812            1.540532
H                4.801222            4.419684            0.761265
H                5.177402            2.951692            1.700066
C                4.298887            2.593382           -0.279102
C                3.836519            1.211966            0.097184
C                2.667617            0.612431           -0.379909
H                2.037809            1.146645           -1.090991
C                2.296891           -0.679890            0.009843
C                1.036723           -1.334389           -0.443207
C                1.113198           -2.689229           -0.897881
H                2.077248           -3.110784           -1.222072
O                4.629486            0.588863            0.919060
O                2.987264           -1.410279            0.807632
H                4.276620           -0.315573            1.110534
Ni               1.623153           -2.824003            1.055554