50
 
C               -5.629187            0.098978            1.177778
H               -6.091033           -0.508110            0.383150
H               -6.357691            0.204126            1.998508
H               -4.762503           -0.459272            1.573470
C               -4.570299            2.279072            1.801241
H               -3.709149            1.743622            2.237410
H               -5.299489            2.435998            2.612855
H               -4.232343            3.272108            1.460024
C               -6.440781            2.232325            0.128707
H               -6.162784            3.229848           -0.245436
H               -7.193675            2.357023            0.923601
H               -6.906016            1.685003           -0.705719
C               -5.231944            1.486250            0.668621
C               -4.210152            1.318445           -0.431963
C               -2.927811            0.588234           -0.150923
H               -2.115128            1.143582            0.332121
C               -2.743261           -0.729866           -0.701375
C               -1.374597           -1.361145           -0.718385
C               -1.302415           -2.706172           -1.125087
H               -2.238751           -3.205485           -1.389635
C               -0.084099           -3.354807           -1.233073
H               -0.041543           -4.374981           -1.625056
C               -0.205466           -0.681715           -0.386925
H               -0.232236            0.363520           -0.063514
O               -4.307691            1.757510           -1.552242
O               -3.691629           -1.362720           -1.152870
C                5.665469            2.451586           -0.965462
H                6.407161            1.983788           -0.301410
H                6.033297            3.452320           -1.241674
H                5.592676            1.852831           -1.888359
C                3.325154            3.294444           -1.217040
H                3.207859            2.759462           -2.173733
H                3.711639            4.297660           -1.453858
H                2.330797            3.429502           -0.760357
C                4.448801            3.407280            1.013643
H                3.485423            3.507813            1.540530
H                4.801224            4.419684            0.761264
H                5.177402            2.951692            1.700066
C                4.298888            2.593382           -0.279102
C                3.836519            1.211966            0.097184
C                2.667617            0.612431           -0.379909
H                2.037810            1.146645           -1.090992
C                2.296891           -0.679890            0.009844
C                1.036723           -1.334389           -0.443207
C                1.113198           -2.689229           -0.897881
H                2.077249           -3.110784           -1.222073
O                4.629486            0.588863            0.919061
O                2.987263           -1.410279            0.807632
H                4.276619           -0.315573            1.110536
Ni               1.623152           -2.824003            1.055554