50
 
C               -4.191402            1.413392            1.822437
H               -3.527207            0.799718            2.454102
H               -4.838187            1.997638            2.496475
H               -3.573933            2.132862            1.260623
C               -5.955560            1.427168            0.022302
H               -5.380923            2.153653           -0.573982
H               -6.639955            2.006286            0.662309
H               -6.574763            0.824063           -0.661488
C               -5.957368           -0.363462            1.769967
H               -6.588968           -1.016106            1.147955
H               -6.618597            0.252641            2.398275
H               -5.358395           -1.005952            2.433272
C               -5.078413            0.543036            0.918697
C               -4.158357           -0.284973            0.060980
C               -3.209690            0.407661           -0.901513
H               -3.368475            1.489597           -0.902462
C               -1.747997            0.038025           -0.741951
C               -0.717660            1.060856           -0.604976
C               -0.996026            2.440161           -0.567161
H               -2.020462            2.815244           -0.631096
C                0.039366            3.359131           -0.457942
H               -0.182120            4.428614           -0.434517
C                0.622180            0.630897           -0.520928
H                0.819980           -0.442871           -0.566198
O               -4.168416           -1.514313            0.120080
O               -1.434292           -1.163849           -0.769427
H               -3.496456            0.043198           -1.908071
C                5.819717            0.431273            1.674370
H                6.136531            1.328980            1.120174
H                6.501072            0.291660            2.529711
H                4.811856            0.623028            2.082772
C                5.319587           -2.018995            1.580592
H                4.303055           -1.843679            1.973695
H                5.975968           -2.206304            2.446365
H                5.306671           -2.934240            0.965192
C                7.254311           -1.090189            0.282084
H                7.281113           -1.979552           -0.366207
H                7.936568           -1.257841            1.131154
H                7.636807           -0.241221           -0.305922
C                5.848430           -0.816070            0.790182
C                4.917596           -0.612917           -0.384651
C                3.492773           -0.207973           -0.137576
C                3.113102            1.164460           -0.364126
C                1.659361            1.547241           -0.411918
C                1.356210            2.917325           -0.389302
H                2.190662            3.621711           -0.323460
O                5.209692           -0.786960           -1.543131
O                3.965735            2.035424           -0.500972
H                2.757255           -0.995102            0.066200
Ni              -2.737565           -2.548740           -0.628024