50
 
C               -2.635549            3.364107            0.933573
H               -3.494091            3.508746            1.609441
H               -2.322418            4.358547            0.577871
H               -1.795128            2.950891            1.513612
C               -1.788726            2.309375           -1.191568
H               -0.899116            1.942942           -0.654455
H               -1.515825            3.282394           -1.630258
H               -2.005232            1.623309           -2.028206
C               -4.136774            3.179336           -1.061629
H               -4.423284            2.593689           -1.948797
H               -3.804097            4.171922           -1.401580
H               -5.035904            3.314672           -0.441312
C               -3.012755            2.507879           -0.283769
C               -3.457608            1.152163            0.195336
C               -2.495587            0.287454            0.992218
H               -2.981498            0.143411            1.977274
C               -2.290603           -1.106046            0.433985
C               -0.958618           -1.592077            0.088219
C               -0.825817           -2.914244           -0.386267
H               -1.713585           -3.547336           -0.453172
C                0.416865           -3.392754           -0.764462
H                0.519703           -4.416165           -1.132685
C                0.181006           -0.783876            0.175339
H                0.157928            0.245824            0.541030
O               -4.594534            0.735708           -0.028034
O               -3.281428           -1.839346            0.285337
H               -1.551854            0.808867            1.174379
C                5.402329            0.757744            1.765064
H                4.823256            1.695129            1.745598
H                6.176259            0.845831            2.545346
H                4.720758           -0.058024            2.064584
C                6.819293           -0.852021            0.473125
H                6.171252           -1.685912            0.792929
H                7.637250           -0.777823            1.208375
H                7.268933           -1.109488           -0.500533
C                7.006515            1.610193            0.030607
H                7.476498            1.426095           -0.947999
H                7.803520            1.710067            0.785125
H                6.470834            2.569842           -0.036782
C                6.065407            0.480203            0.413366
C                4.969706            0.361779           -0.623347
C                3.911808           -0.686348           -0.444438
H                4.159244           -1.727413           -0.682663
C                2.566717           -0.270682           -0.132012
C                1.432343           -1.254059           -0.218561
C                1.541148           -2.566101           -0.687954
H                2.508372           -2.960978           -1.011081
O                4.872807            1.042685           -1.615757
O                2.329850            0.883254            0.216101
Ni              -5.043998           -1.108557            0.258280