50
 
C                2.242998           -2.518081            0.176190
H                1.779581           -2.090940            1.094816
H                2.192326           -3.610632            0.311094
H                1.617234           -2.315509           -0.719777
C                4.258467           -2.532294           -1.332733
H                3.661097           -2.181176           -2.190021
H                4.264671           -3.633928           -1.353255
H                5.295856           -2.188666           -1.471214
C                4.537303           -2.608104            1.153930
H                5.591760           -2.310813            1.063299
H                4.491009           -3.707828            1.134761
H                4.174494           -2.266310            2.136226
C                3.695554           -2.048391            0.010257
C                3.743585           -0.532202            0.007700
C                2.796245            0.233983           -0.672818
H                2.342589           -0.219269           -1.568364
C                2.774914            1.704255           -0.487473
C                1.418785            2.336037           -0.507839
C                1.182574            3.570549            0.097678
H                2.030215            4.228975            0.310078
C               -0.112821            3.908647            0.503950
H               -0.292714            4.880074            0.971361
C                0.326382            1.488517           -0.731076
H                0.388166            0.659059           -1.468742
O                4.672202            0.010323            0.729070
O                3.744263            2.309119           -0.050314
H                4.661504            0.996737            0.577599
C               -5.883340           -2.196988            0.210088
H               -5.218879           -3.023873           -0.086452
H               -6.856069           -2.340588           -0.286727
H               -6.034593           -2.269987            1.297701
C               -6.226113            0.277855            0.290105
H               -6.347064            0.270284            1.385851
H               -7.224026            0.134607           -0.155651
H               -5.879184            1.278787           -0.016960
C               -5.094324           -0.766277           -1.692685
H               -4.682266            0.207023           -2.013159
H               -6.062411           -0.890851           -2.205253
H               -4.420874           -1.561622           -2.053797
C               -5.296950           -0.848211           -0.178260
C               -3.949620           -0.676929            0.500849
C               -3.137333            0.517661            0.128274
H               -3.636661            1.479374           -0.044619
C               -1.724254            0.490880            0.048084
C               -0.920289            1.723986           -0.137099
C               -1.149082            2.973166            0.450189
H               -2.107043            3.193844            0.931817
O               -3.508612           -1.425065            1.343773
O               -1.057092           -0.585398            0.140061
Ni               0.877468           -0.434891            0.003386