50
 
C                1.587794            2.401604           -0.949810
H                1.706147            1.767491           -1.845135
H                1.268369            3.397524           -1.295913
H                0.763643            2.000405           -0.338197
C                2.670242            3.316447            1.133231
H                1.910225            2.848174            1.778705
H                2.306524            4.327182            0.888872
H                3.602359            3.429909            1.710395
C                3.928623            3.295010           -1.031228
H                4.892796            3.401112           -0.511142
H                3.551294            4.303504           -1.259297
H                4.114392            2.776622           -1.984667
C                2.907819            2.553396           -0.178204
C                3.419402            1.176871            0.153473
C                2.562052            0.241932            0.988250
H                1.628954            0.724124            1.292879
C                2.336366           -1.129504            0.384689
C                0.987859           -1.642577            0.165870
C                0.834244           -2.969829           -0.286936
H                1.722941           -3.586634           -0.439437
C               -0.431433           -3.476332           -0.528039
H               -0.551386           -4.505739           -0.873711
C               -0.152160           -0.853445            0.357427
H               -0.109769            0.181779            0.703941
O                4.533063            0.803203           -0.215334
O                3.323786           -1.825551            0.098331
H                3.145991            0.061912            1.912669
C               -5.097312            1.469219           -1.334854
H               -4.574564            2.289423           -0.817021
H               -5.741786            1.907944           -2.114432
H               -4.338871            0.847439           -1.842287
C               -6.624962           -0.501612           -1.121830
H               -5.894780           -1.130915           -1.659200
H               -7.316335           -0.091349           -1.876037
H               -7.212790           -1.145005           -0.445781
C               -6.993082            1.525323            0.311330
H               -7.605124            0.946037            1.020085
H               -7.662741            1.969141           -0.443040
H               -6.518652            2.341971            0.877298
C               -5.952876            0.648850           -0.366027
C               -5.034302            0.055123            0.679142
C               -3.928143           -0.860326            0.242207
H               -4.172411           -1.911927            0.051019
C               -2.566657           -0.391916            0.308281
C               -1.428095           -1.352115            0.102320
C               -1.558902           -2.673169           -0.334567
H               -2.547053           -3.093964           -0.540832
O               -5.120301            0.239247            1.868981
O               -2.315921            0.790248            0.530391
Ni               5.052456           -1.039680           -0.084894