50
 
C               -5.651036            1.878272            0.410256
H               -5.103711            2.217676            1.305190
H               -6.696302            2.202666            0.530581
H               -5.252216            2.401362           -0.474605
C               -6.422569           -0.035877           -0.992036
H               -5.998266            0.409143           -1.907439
H               -7.455416            0.332580           -0.888421
H               -6.463136           -1.127999           -1.118252
C               -6.221885           -0.292893            1.498488
H               -6.259427           -1.388454            1.405564
H               -7.252125            0.071543            1.636390
H               -5.651076           -0.035496            2.406214
C               -5.617188            0.364041            0.251000
C               -4.212463           -0.183422            0.080224
C               -3.081039            0.623855            0.064514
C               -1.724346            0.203433           -0.075072
C               -0.633159            1.182431           -0.086340
C               -0.858730            2.572375           -0.076057
H               -1.871575            2.979186           -0.056366
C                0.209151            3.458421           -0.107855
H                0.022196            4.534680           -0.104550
C                0.692579            0.710607           -0.127453
H                0.859795           -0.368493           -0.136494
O               -4.167962           -1.483188           -0.052174
O               -1.377675           -1.026900           -0.192670
H               -3.252809            1.690546            0.182844
C                5.905192            0.156140            1.603387
H                6.061653            1.181987            1.235337
H                6.685957           -0.062852            2.350425
H                4.938147            0.126181            2.134171
C                5.721366           -2.273769            1.012430
H                4.735511           -2.360394            1.501066
H                6.482893           -2.527500            1.768595
H                5.779405           -3.028395            0.210439
C                7.371763           -0.818080           -0.170179
H                7.460190           -1.550713           -0.986148
H                8.144863           -1.038271            0.583660
H                7.577127            0.176723           -0.596170
C                5.991509           -0.863996            0.469717
C                4.937208           -0.605724           -0.598612
C                3.497686           -0.326450           -0.166913
H                3.254419           -0.702335            0.844043
C                3.201004            1.153140           -0.208097
C                1.764010            1.594845           -0.158586
C                1.512647            2.975226           -0.148487
H                2.372561            3.650974           -0.176738
O                5.169079           -0.653853           -1.779882
O                4.078338            1.981311           -0.264626
H                2.844516           -0.853412           -0.882845
Ni              -2.638130           -2.368048           -0.260630