50
 
C               -5.965680           -0.000184            1.975647
H               -5.579408           -0.918679            2.448287
H               -6.943147            0.223397            2.434360
H               -5.288507            0.831094            2.236120
C               -6.655746            1.115738           -0.166257
H               -6.023093            1.991360            0.056210
H               -7.660060            1.338385            0.230558
H               -6.745461            1.022144           -1.261332
C               -7.112692           -1.312775            0.184184
H               -7.249922           -1.465080           -0.897260
H               -8.093235           -1.083119            0.631044
H               -6.754161           -2.264797            0.605449
C               -6.136273           -0.180086            0.464918
C               -4.784642           -0.525732           -0.154073
C               -3.676591            0.440923            0.082711
H               -3.912650            1.457733            0.416539
C               -2.336576            0.153318           -0.100164
C               -1.258088            1.166085            0.043574
C               -1.228415            2.446002           -0.518507
H               -2.148951            2.904810           -0.892660
C               -0.004239            3.093065           -0.697459
H                0.012217            4.087060           -1.152032
C               -0.045917            0.622742            0.506054
H               -0.075497           -0.212075            1.234173
O               -4.594379           -1.523515           -0.813017
O               -1.874620           -1.012690           -0.451035
C                6.865020           -0.455262           -0.948609
H                6.746278           -1.510556           -1.234671
H                7.938929           -0.256356           -0.807129
H                6.512315            0.176159           -1.780785
C                6.365970            1.321202            0.738849
H                6.039679            2.020288           -0.048746
H                7.445815            1.478760            0.883681
H                5.869944            1.592847            1.685195
C                6.619319           -1.053794            1.479183
H                6.087575           -0.859378            2.425222
H                7.690583           -0.863567            1.649993
H                6.495976           -2.115377            1.219142
C                6.121841           -0.132481            0.355641
C                4.663858           -0.430123            0.136728
C                3.634144            0.506962            0.281987
H                3.874060            1.524598            0.589410
C                2.294347            0.176683            0.061878
C                1.193219            1.168855            0.126266
C                1.209984            2.436258           -0.450129
H                2.151439            2.884390           -0.781901
O                4.412875           -1.658940           -0.202946
O                1.911608           -1.012617           -0.272560
H                3.436593           -1.780252           -0.317898
Ni              -0.044580           -1.138788           -0.573894