50
 
C                4.677709           -2.237355            1.902922
H                5.362163           -1.609406            2.496991
H                4.803655           -3.280005            2.239941
H                3.644803           -1.933758            2.140387
C                4.006883           -2.992949           -0.394020
H                2.955966           -2.721048           -0.200941
H                4.128577           -4.054020           -0.118701
H                4.189797           -2.906417           -1.478170
C                6.413131           -2.625342            0.151799
H                6.676073           -2.557411           -0.915155
H                6.511343           -3.676580            0.467772
H                7.148911           -2.025134            0.708116
C                4.993088           -2.139357            0.407159
C                4.865596           -0.682049           -0.020580
C                3.576163           -0.021301            0.091915
H                2.719685           -0.558825            0.500666
C                3.446074            1.297637           -0.267115
C                2.180247            2.053226           -0.164009
C                2.221508            3.455516           -0.174571
H                3.192241            3.948081           -0.266841
C                1.053771            4.204172           -0.063983
H                1.104428            5.295688           -0.063265
C                0.941428            1.413949           -0.075456
H                0.899506            0.322154           -0.087876
O                5.848559           -0.066241           -0.447345
O                4.454385            2.010061           -0.712214
H                5.252632            1.395276           -0.720728
C               -3.952812           -1.482093           -2.169224
H               -4.761851           -0.733847           -2.219467
H               -4.331134           -2.428653           -2.590014
H               -3.129700           -1.129246           -2.809132
C               -2.319822           -2.696448           -0.706804
H               -1.498084           -2.381506           -1.366672
H               -2.664241           -3.675537           -1.076491
H               -1.915165           -2.835844            0.308608
C               -4.625555           -2.285234            0.104693
H               -4.429878           -2.270124            1.194342
H               -4.786590           -3.345377           -0.151627
H               -5.648790           -1.870152           -0.172711
C               -3.473315           -1.698134           -0.729183
C               -3.048632           -0.323503           -0.190275
C               -1.769702            0.161810           -0.307563
H               -0.964399           -0.411511           -0.762623
C               -1.560014            1.511839            0.135115
C               -0.233156            2.164586            0.023916
C               -0.174583            3.567205            0.046350
H               -1.100663            4.141119            0.131350
O               -3.976821            0.422176            0.325578
O               -2.494428            2.172524            0.616916
Ni              -5.618603           -0.317255            0.747937