50
 
C               -3.383595            2.833663            1.759628
H               -4.086701            2.343394            2.452841
H               -3.459575            3.920747            1.923232
H               -2.359653            2.534581            2.034197
C               -2.705117            3.186248           -0.637466
H               -1.666508            2.889661           -0.420582
H               -2.762919            4.279980           -0.516344
H               -2.916493            2.957966           -1.694995
C               -5.121759            3.063111           -0.018108
H               -5.410110            2.861337           -1.061172
H               -5.136604            4.153314            0.134021
H               -5.887101            2.617357            0.635511
C               -3.730244            2.528220            0.296002
C               -3.692907            1.027052            0.089044
C               -2.436385            0.337568            0.319184
H               -1.615383            0.951381            0.694522
C               -2.098912           -0.965870            0.129841
C               -0.746189           -1.497264            0.326451
C               -0.557296           -2.803961            0.813700
H               -1.410468           -3.420841            1.119255
C                0.727387           -3.307184            0.973049
H                0.871411           -4.316820            1.364963
C                0.370376           -0.717259            0.014434
H                0.270861            0.293673           -0.393311
O               -4.736606            0.441028           -0.266324
O               -3.016366           -1.908665           -0.264714
H               -2.552329           -2.726734           -0.515058
C                5.384106            1.828079            0.953075
H                4.830945            2.540202            0.319840
H                6.061646            2.401340            1.607246
H                4.655266            1.310944            1.601666
C                6.912127           -0.152884            1.029944
H                6.212052           -0.671783            1.707073
H                7.635905            0.385782            1.663301
H                7.471343           -0.910118            0.454975
C                7.201265            1.579061           -0.762348
H                7.782584            0.879107           -1.382557
H                7.902880            2.149818           -0.132687
H                6.696615            2.281512           -1.443660
C                6.198519            0.842966            0.110400
C                5.235200            0.072946           -0.766116
C                4.155988           -0.744657           -0.119260
C                2.788399           -0.300051           -0.223361
C                1.662646           -1.219262            0.169972
C                1.832311           -2.522084            0.648804
H                2.832912           -2.943432            0.774593
O                5.266043            0.038675           -1.972482
O                2.524394            0.829430           -0.624570
H                4.422741           -1.729356            0.281612
Ni              -4.880663           -1.380263           -0.600892