50
 
C               -6.586011            0.298818            0.805254
H               -6.129558            0.321336            1.808214
H               -7.678993            0.268988            0.943787
H               -6.347912            1.239176            0.281953
C               -6.825032           -0.913600           -1.367493
H               -6.539475           -0.019352           -1.945835
H               -7.920089           -0.900538           -1.243481
H               -6.552673           -1.804586           -1.953054
C               -6.519982           -2.199368            0.770273
H               -6.245027           -3.099711            0.200427
H               -7.606820           -2.221310            0.951967
H               -6.012759           -2.240908            1.748325
C               -6.159477           -0.924117            0.008461
C               -4.630827           -0.944640           -0.222161
C               -3.757143            0.046332            0.245908
H               -4.094244            0.901453            0.826794
C               -2.414027           -0.223227           -0.095928
C               -1.306090            0.697989            0.326799
C               -1.530620            1.960653            0.900542
H               -2.551240            2.313775            1.064494
C               -0.466993            2.762800            1.286996
H               -0.659456            3.709576            1.799373
C                0.000941            0.265726            0.106169
H                0.151809           -0.708107           -0.370960
O               -4.196929           -1.922948           -0.870539
O               -2.090962           -1.233050           -0.744466
C                6.182642           -2.068078            1.067430
H                6.914202           -1.403105            0.585290
H                6.663360           -3.044827            1.234665
H                5.921928           -1.647829            2.052860
C                3.982364           -3.240034            0.878168
H                3.681832           -2.894336            1.880904
H                4.488912           -4.208744            1.008627
H                3.075804           -3.426280            0.279231
C                5.343287           -2.822776           -1.176957
H                4.467772           -2.958190           -1.833270
H                5.815970           -3.807940           -1.039147
H                6.063396           -2.164399           -1.684630
C                4.935049           -2.267840            0.194959
C                4.311927           -0.916193           -0.025334
C                3.013981           -0.572262            0.360099
H                2.388818           -1.303122            0.872255
C                2.489950            0.700842            0.109834
C                1.088335            1.078933            0.448443
C                0.862847            2.347664            1.073383
H                1.682055            2.863430            1.597246
O                5.091656           -0.058574           -0.617277
O                3.146072            1.645045           -0.460731
H                4.623582            0.806660           -0.723412
Ni               1.596764            2.842121           -0.748842