50
 
C               -6.618627           -1.052857            1.480290
H               -6.495073           -2.114664            1.221252
H               -7.689884           -0.862747            1.651282
H               -6.086598           -0.857346            2.425942
C               -6.366164            1.321467            0.737473
H               -5.870150            1.594109            1.683537
H               -7.446027            1.478970            0.882223
H               -6.040031            2.019853           -0.050809
C               -6.865374           -0.456826           -0.947997
H               -6.513158            0.173850           -1.780943
H               -7.939281           -0.258060           -0.806307
H               -6.746481           -1.512372           -1.233056
C               -6.121794           -0.132538            0.355624
C               -4.663801           -0.430131            0.136701
C               -3.634107            0.507007            0.281796
H               -3.874065            1.524716            0.588934
C               -2.294281            0.176712            0.061870
C               -1.193213            1.168944            0.126114
C               -1.210073            2.436526           -0.449854
H               -2.151553            2.884782           -0.781376
C                0.004143            3.093395           -0.697119
H               -0.012368            4.087540           -1.151365
C                0.045990            0.622753            0.505547
H                0.075664           -0.212097            1.233623
O               -4.412759           -1.659027           -0.202614
O               -1.911471           -1.012680           -0.272198
H               -3.436452           -1.780309           -0.317382
C                7.112935           -1.312479            0.183786
H                6.754410           -2.264850            0.604231
H                8.093267           -1.082916            0.631148
H                7.250528           -1.463923           -0.897731
C                6.655560            1.116229           -0.165122
H                6.745024            1.023596           -1.260294
H                7.659923            1.338545            0.231753
H                6.022908            1.991602            0.058344
C                5.965052           -0.001247            1.975720
H                5.287071            0.829328            2.236416
H                6.942157            0.222877            2.434947
H                5.579268           -0.920278            2.447739
C                6.136208           -0.180188            0.464995
C                4.784611           -0.525699           -0.154215
C                3.676620            0.441107            0.082322
H                3.912624            1.458003            0.415906
C                2.336660            0.153483           -0.100478
C                1.258139            1.166226            0.043171
C                1.228364            2.446322           -0.518500
H                2.148820            2.905328           -0.892602
O                4.594306           -1.523737           -0.812751
O                1.874607           -1.012647           -0.451074
Ni               0.044675           -1.138859           -0.574253