50
 
C                5.315925            0.947834           -1.336287
H                5.138275            0.321223           -2.225701
H                6.372974            1.259169           -1.354482
H                4.704371            1.859466           -1.428206
C                5.269516            1.080481            1.174583
H                4.668984            2.003418            1.140703
H                6.328498            1.383744            1.206429
H                5.046032            0.556156            2.118295
C                5.990829           -1.021682            0.040569
H                5.826400           -1.609400            0.956879
H                7.032270           -0.664501            0.046704
H                5.867014           -1.697931           -0.818886
C                5.046693            0.171469           -0.040324
C                3.606080           -0.307077           -0.054268
C                2.554643            0.688612           -0.084682
H                2.879006            1.730540           -0.128966
C                1.199539            0.537348           -0.067611
C                0.249953            1.652554           -0.002732
C                0.480335            2.820638            0.738285
H                1.448132            2.980564            1.223190
C               -0.543609            3.749784            0.911801
H               -0.354348            4.659069            1.487389
C               -1.005863            1.462852           -0.581166
H               -1.183752            0.609866           -1.236408
O                3.384859           -1.537399           -0.047652
O                0.593033           -0.682401           -0.083068
H               -0.395305           -0.643200            0.055656
C               -5.436781           -0.955991            1.119184
H               -4.988082           -0.554212            2.042901
H               -6.236022           -1.655561            1.413872
H               -5.913785           -0.120817            0.579615
C               -5.053594           -2.269193           -0.993167
H               -5.602381           -1.513893           -1.577048
H               -5.784974           -3.039009           -0.698221
H               -4.314250           -2.751554           -1.654022
C               -3.788467           -2.836043            1.080739
H               -3.051697           -3.403497            0.490597
H               -4.581650           -3.532589            1.394522
H               -3.284059           -2.464373            1.986307
C               -4.397568           -1.699829            0.271359
C               -3.306180           -0.710695           -0.125263
C               -3.782831            0.490273           -0.850161
C               -3.435204            1.923457           -0.692579
C               -2.060483            2.317627           -0.301692
C               -1.821947            3.490803            0.421925
H               -2.656331            4.170815            0.616919
O               -2.130615           -0.924033            0.163012
O               -4.341891            2.727934           -0.798585
H               -4.727627            0.376316           -1.394857
Ni               1.686904           -2.290426           -0.067282