50
 
C               -4.707376            2.955775           -0.568257
H               -4.420052            3.626744            0.258525
H               -5.469196            3.475783           -1.171883
H               -3.829039            2.799321           -1.218139
C               -5.635531            0.725898           -1.227596
H               -4.767756            0.558053           -1.889724
H               -6.425275            1.198412           -1.834321
H               -6.000021           -0.257029           -0.888949
C               -6.505391            1.892340            0.821884
H               -6.916067            0.951399            1.220278
H               -7.291434            2.389643            0.231122
H               -6.257897            2.535004            1.680801
C               -5.285896            1.634639           -0.047678
C               -4.210995            0.966122            0.776342
C               -2.941539            0.510400            0.115519
H               -2.144999            1.245626           -0.051746
C               -2.746636           -0.898587           -0.109456
C               -1.379942           -1.421390           -0.463517
C               -1.310025           -2.722864           -0.991745
H               -2.249522           -3.261642           -1.143474
C               -0.092294           -3.288931           -1.331427
H               -0.061203           -4.266304           -1.821377
C               -0.205930           -0.712299           -0.222728
H               -0.235559            0.281044            0.237347
O               -4.254079            0.778409            1.968541
O               -3.682217           -1.688296           -0.036001
C                5.513082            2.690122           -0.998666
H                6.319266            2.182996           -0.448449
H                5.829105            3.726904           -1.194327
H                5.382192            2.188276           -1.971613
C                3.137291            3.467879           -0.974934
H                2.957270            3.031127           -1.971053
H                3.475129            4.503668           -1.132980
H                2.180656            3.518696           -0.429095
C                4.435181            3.389250            1.160277
H                3.515680            3.398573            1.768679
H                4.737129            4.434683            0.990609
H                5.229923            2.891768            1.735107
C                4.203797            2.709145           -0.196246
C                3.813145            1.279940            0.066143
C                2.624283            0.691008           -0.373228
H                1.918135            1.272631           -0.965151
C                2.323389           -0.646601           -0.090925
C                1.042663           -1.296200           -0.491951
C                1.111384           -2.594467           -1.089874
H                2.044490           -2.938922           -1.560265
O                4.690814            0.604190            0.748060
O                3.100504           -1.429934            0.563268
H                4.379927           -0.327125            0.872738
Ni               1.791536           -2.902191            0.791956