50
 
C                4.154501           -2.656840            1.050751
H                4.440043           -2.190689            2.008603
H                4.448384           -3.718403            1.098127
H                3.055558           -2.627108            0.964412
C                4.405727           -2.622214           -1.446851
H                3.312792           -2.581639           -1.586090
H                4.699526           -3.684784           -1.460610
H                4.880353           -2.134097           -2.314015
C                6.368239           -2.136718            0.020132
H                6.906015           -1.655601           -0.810885
H                6.635626           -3.205361            0.033394
H                6.728732           -1.677792            0.953553
C                4.860976           -1.984604           -0.130279
C                4.496084           -0.508712           -0.151982
C                3.092001           -0.122929           -0.273572
H                2.323884           -0.890601           -0.379390
C                2.753183            1.201776           -0.318699
C                1.362191            1.683118           -0.473839
C                1.140154            2.980725           -0.941413
H                2.005234            3.616393           -1.143772
C               -0.154522            3.443480           -1.187139
H               -0.299221            4.453298           -1.579623
C                0.249549            0.865836           -0.167958
H                0.402856           -0.216051           -0.015255
O                5.365954            0.362459           -0.074455
O                3.635376            2.172985           -0.256849
H                4.537242            1.727671           -0.178959
C               -6.370905           -1.967713            0.294426
H               -6.183183           -2.003742            1.378810
H               -6.737163           -2.956124           -0.024865
H               -7.170606           -1.231249            0.119539
C               -5.386000           -1.529098           -1.978973
H               -6.153672           -0.773530           -2.214289
H               -5.760588           -2.504026           -2.330139
H               -4.476529           -1.303313           -2.561625
C               -3.994284           -2.625188           -0.206290
H               -3.067380           -2.377692           -0.753233
H               -4.320327           -3.620613           -0.549095
H               -3.758520           -2.695367            0.868032
C               -5.109822           -1.608719           -0.474068
C               -4.603588           -0.270079           -0.018175
C               -3.403708            0.370143           -0.652740
H               -3.519778            0.887564           -1.613376
C               -2.207418            0.525937            0.084995
C               -1.071418            1.363427           -0.385280
C               -1.259966            2.645118           -0.921504
H               -2.272815            3.028098           -1.079759
O               -5.080214            0.429970            0.844219
O               -2.033278           -0.043185            1.203449
Ni              -0.417322            0.881302            1.753941