50
 
C                6.161194           -2.149957            1.318144
H                7.068002           -1.582157            1.061056
H                6.448875           -3.196195            1.512980
H                5.747062           -1.731697            2.250593
C                3.912030           -2.923857            0.557255
H                3.452274           -2.576585            1.497200
H                4.215234           -3.972977            0.707803
H                3.149921           -2.911648           -0.239529
C                5.749457           -2.638029           -1.109977
H                5.034916           -2.576620           -1.947709
H                6.028071           -3.696322           -0.977131
H                6.651906           -2.073461           -1.388504
C                5.136957           -2.102761            0.184199
C                4.781298           -0.620603           -0.051284
C                3.490614           -0.096625            0.084755
H                2.636294           -0.691564            0.399393
C                3.452230            1.294242           -0.171219
C                2.179312            2.075651           -0.066927
C                2.261314            3.474431           -0.025520
H                3.251577            3.935550           -0.071587
C                1.109755            4.248770            0.072711
H                1.185541            5.338017            0.111738
C                0.928825            1.466662           -0.029903
H                0.871877            0.377445           -0.080869
O                5.738851            0.117953           -0.378652
O                4.481663            1.920499           -0.479419
C               -2.698536           -2.241259           -1.570556
H               -3.196614           -1.706445           -2.396123
H               -2.854601           -3.322195           -1.720000
H               -1.618159           -2.049867           -1.649556
C               -2.520163           -2.547528            0.922081
H               -1.435898           -2.364934            0.890016
H               -2.674411           -3.634979            0.828476
H               -2.885957           -2.234406            1.913967
C               -4.734904           -2.205694           -0.148524
H               -5.181346           -1.999492            0.868209
H               -4.872530           -3.290660           -0.269338
H               -5.314602           -1.774194           -1.017070
C               -3.254688           -1.818621           -0.207202
C               -3.080578           -0.308674           -0.035728
C               -1.797428            0.253098           -0.055725
H               -0.943964           -0.407288           -0.199677
C               -1.566231            1.627298            0.083946
C               -0.241151            2.238265            0.056994
C               -0.136243            3.639564            0.116216
H               -1.043601            4.242448            0.188578
O               -4.121616            0.426893            0.121669
O               -2.557441            2.463871            0.243783
H               -3.403645            1.954851            0.242313
Ni              -5.837367           -0.409807            0.138689