50
 
C                7.061061           -1.246616            1.379159
H                7.827066           -0.557372            0.994095
H                7.560625           -2.176966            1.695031
H                6.600946           -0.788449            2.270713
C                4.993927           -2.549610            0.881577
H                4.495421           -2.156452            1.783123
H                5.511007           -3.478073            1.172173
H                4.221719           -2.821219            0.142662
C                6.683661           -2.182488           -0.915306
H                5.947067           -2.409879           -1.704205
H                7.178229           -3.125400           -0.630390
H                7.443417           -1.508364           -1.337656
C                6.006623           -1.564727            0.313133
C                5.368171           -0.262543           -0.111635
C                4.023910            0.032538            0.004657
H                3.356151           -0.711685            0.433007
C                3.529511            1.306442           -0.426163
C                2.068885            1.629327           -0.293078
C                1.652413            2.908464           -0.693077
H                2.417673            3.589282           -1.076289
C                0.318751            3.295139           -0.605496
H                0.016251            4.296087           -0.922798
C                1.119939            0.737202            0.197344
H                1.387776           -0.272505            0.520406
O                6.216837            0.597207           -0.614616
O                4.265738            2.179501           -0.913799
H                5.699658            1.419992           -0.858706
C               -5.363094           -0.039803            2.243123
H               -5.155039           -1.096621            2.477863
H               -6.410704            0.171413            2.512553
H               -4.728571            0.581362            2.893330
C               -5.389131            1.750871            0.469569
H               -4.746935            2.403408            1.081648
H               -6.434254            2.007566            0.707959
H               -5.211113            1.994587           -0.591262
C               -6.106207           -0.574736           -0.074070
H               -6.043545           -0.320586           -1.171157
H               -7.155164           -0.357668            0.177869
H               -6.002515           -1.673553            0.156394
C               -5.137264            0.267050            0.759821
C               -3.697822           -0.068892            0.384205
C               -2.614823            0.577863            1.044801
H               -2.815543            1.290404            1.854697
C               -1.201073            0.157261            0.802850
C               -0.224961            1.119364            0.290859
C               -0.623604            2.400953           -0.111268
H               -1.678145            2.696304           -0.042188
O               -3.450916           -0.893644           -0.533470
O               -0.966993           -0.992620            1.119554
Ni              -4.879001           -1.795626           -1.365937