50
 
C               -0.811906            1.742142            1.703805
H               -1.452576            1.170617            2.397051
H               -0.283979            2.505953            2.298022
H               -0.044363            1.074624            1.279903
C               -0.707921            3.192923           -0.347526
H                0.107616            2.557495           -0.726237
H               -0.232830            4.025481            0.195968
H               -1.260709            3.628761           -1.196075
C               -2.612155            3.437901            1.265570
H               -3.234954            3.944023            0.511466
H               -2.046293            4.207556            1.812416
H               -3.285744            2.938704            1.978735
C               -1.641328            2.456999            0.622652
C               -2.402510            1.378231           -0.099023
C               -1.641407            0.324849           -0.884775
H               -0.572128            0.559782           -0.902181
C               -1.915571           -1.100712           -0.441772
C               -0.817653           -1.987813           -0.073915
C               -1.112919           -3.212533            0.554846
H               -2.157377           -3.484130            0.727074
C               -0.083733           -4.048585            0.962511
H               -0.312127           -4.995791            1.456804
C                0.521409           -1.639382           -0.306614
H                0.783299           -0.714654           -0.815668
O               -3.632467            1.326963           -0.052438
O               -3.089517           -1.500852           -0.385827
H               -2.019744            0.403132           -1.923008
C                5.106848            1.217692            0.984981
H                4.541980            1.191864            1.931765
H                5.902648            1.973068            1.092450
H                5.600170            0.240356            0.854501
C                5.016584            1.631508           -1.493844
H                5.566667            0.697383           -1.689110
H                5.766001            2.436950           -1.425588
H                4.377101            1.846751           -2.366044
C                3.575739            2.958199            0.050878
H                2.934121            3.266083           -0.790070
H                4.367220            3.714624            0.171944
H                2.958310            2.960765            0.963676
C                4.203429            1.592869           -0.194755
C                3.099100            0.546310           -0.318262
C                3.549917           -0.845658           -0.503009
H                4.585580           -0.976190           -0.838719
C                3.001767           -2.159633           -0.110442
C                1.555635           -2.465508            0.116960
C                1.242409           -3.677898            0.748890
H                2.066888           -4.323868            1.063813
O                1.916129            0.859850           -0.269301
O                3.830218           -3.040210            0.063173
Ni              -4.557289           -0.288098           -0.511810