50
 
C               -6.517914           -2.200004            0.771879
H               -6.243360           -3.100161            0.201542
H               -7.604438           -2.222620            0.955383
H               -6.009051           -2.241255            1.749094
C               -6.585699            0.298133            0.806992
H               -6.128253            0.320588            1.809501
H               -7.678530            0.267852            0.946623
H               -6.348448            1.238680            0.283651
C               -6.827069           -0.914445           -1.365415
H               -6.543727           -0.019534           -1.943818
H               -7.921958           -0.903077           -1.239787
H               -6.554223           -1.804771           -1.951749
C               -6.159469           -0.924480            0.009522
C               -4.631116           -0.943989           -0.223034
C               -3.757233            0.046470            0.245741
H               -4.093902            0.900526            0.828452
C               -2.414370           -0.222266           -0.097743
C               -1.306266            0.698419            0.325643
C               -1.530625            1.960844            0.899980
H               -2.551207            2.314108            1.063881
C               -0.466883            2.762569            1.286972
H               -0.659211            3.709159            1.799742
C                0.000699            0.265985            0.104957
H                0.151444           -0.707605           -0.372708
O               -4.197601           -1.921112           -0.873451
O               -2.091641           -1.230982           -0.748167
C                6.178370           -2.068422            1.073197
H                6.911270           -1.402095            0.594960
H                6.659371           -3.044897            1.241256
H                5.912993           -1.649678            2.058027
C                3.979982           -3.242157            0.873249
H                3.675891           -2.898494            1.875608
H                4.486432           -4.210921            1.003693
H                3.075549           -3.427553            0.270837
C                5.349308           -2.821464           -1.175570
H                4.476762           -2.956947           -1.835804
H                5.822272           -3.806350           -1.036791
H                6.071002           -2.161939           -1.679463
C                4.934671           -2.268386            0.195107
C                4.311573           -0.916805           -0.025653
C                3.013443           -0.572896            0.359195
H                2.387849           -1.303991            0.870482
C                2.489831            0.700497            0.109509
C                1.088211            1.078764            0.447858
C                0.862898            2.347256            1.073345
H                1.682120            2.862560            1.597642
O                5.091769           -0.059001           -0.616698
O                3.146439            1.644877           -0.460195
H                4.623919            0.806387           -0.722591
Ni               1.597631            2.842501           -0.748356