50
 
C                2.281487           -3.338418            1.372761
H                3.303270           -3.515604            1.745535
H                1.783613           -4.317353            1.282828
H                1.726388           -2.757100            2.127073
C                0.865176           -2.465442           -0.515162
H                0.196911           -2.049190            0.256531
H                0.446563           -3.444115           -0.797892
H                0.824485           -1.821196           -1.410923
C                3.085344           -3.528398           -0.992802
H                3.118322           -3.072409           -1.995019
H                2.603939           -4.514128           -1.082636
H                4.121323           -3.684150           -0.657941
C                2.299203           -2.667573           -0.011700
C                2.982967           -1.336549            0.167149
C                2.294668           -0.240050            0.959609
H                2.917755           -0.110143            1.867506
C                2.275568            1.130217            0.309549
C                1.028501            1.863176            0.132915
C                1.103834            3.232899           -0.188877
H                2.087074            3.696839           -0.296693
C               -0.054547            3.979704           -0.338216
H                0.008219            5.046452           -0.565835
C               -0.233965            1.256460            0.258091
H               -0.321016            0.193772            0.499826
O                4.122657           -1.150034           -0.258469
O                3.355472            1.645735           -0.022425
H                1.305416           -0.552313            1.307978
C               -5.697585            0.228647           -1.210275
H               -6.029970            1.056726           -0.564507
H               -6.515772           -0.020473           -1.905798
H               -4.848242            0.591330           -1.815552
C               -4.793097           -2.101810           -1.328590
H               -3.931963           -1.754163           -1.925297
H               -5.583624           -2.394548           -2.039028
H               -4.495034           -3.004456           -0.768919
C               -6.523425           -1.522485            0.392096
H               -6.261095           -2.407515            0.992011
H               -7.337634           -1.798381           -0.297305
H               -6.902732           -0.754621            1.084403
C               -5.327525           -1.009947           -0.393412
C               -4.209511           -0.657408            0.561555
C               -2.964090           -0.004106            0.037112
H               -2.181055           -0.637256           -0.400111
C               -2.766352            1.410394            0.257997
C               -1.397024            1.999855            0.086186
C               -1.298239            3.370351           -0.186225
H               -2.225988            3.943811           -0.272791
O               -4.204348           -0.893024            1.746526
O               -3.705547            2.138488            0.555508
Ni               4.926309            0.591206           -0.241255