50
 
C               -4.516247            2.965098            1.217559
H               -5.513995            2.502983            1.255484
H               -4.648421            4.058529            1.206113
H               -3.970989            2.703468            2.139651
C               -2.395091            3.256992           -0.065099
H               -1.787116            3.048941            0.830639
H               -2.570897            4.343572           -0.089529
H               -1.805649            3.006527           -0.962313
C               -4.537896            2.896041           -1.293182
H               -4.007902            2.584624           -2.208650
H               -4.671165            3.988469           -1.339164
H               -5.535699            2.432350           -1.288741
C               -3.737719            2.538878           -0.033706
C               -3.600032            1.028853            0.004782
C               -2.371668            0.379392           -0.003556
H               -1.490833            1.015547           -0.040265
C               -2.145137           -1.028814            0.025651
C               -0.780760           -1.568159            0.003304
C               -0.602050           -2.967107            0.008311
H               -1.478990           -3.616917            0.034224
C                0.670809           -3.511598           -0.022296
H                0.801323           -4.596225           -0.017951
C                0.351588           -0.743010           -0.027891
H                0.295603            0.348683           -0.024986
O               -4.744914            0.396573            0.043651
O               -3.090168           -1.895366            0.068713
C                5.345422            1.282430            1.581986
H                4.560055            2.016742            1.342307
H                6.050531            1.751259            2.288244
H                4.874001            0.438441            2.113872
C                7.135105           -0.230367            0.684925
H                6.683452           -1.116922            1.161602
H                7.865156            0.185717            1.398989
H                7.691357           -0.563366           -0.207002
C                6.802092            2.039752           -0.302302
H                7.350304            1.749515           -1.211168
H                7.517664            2.477878            0.412251
H                6.077870            2.818241           -0.589781
C                6.101414            0.844570            0.327390
C                5.146674            0.234100           -0.688210
C                4.180062           -0.857935           -0.227477
H                4.457494           -1.327463            0.734387
C                2.781042           -0.312518           -0.101334
C                1.634205           -1.285776           -0.065967
C                1.788420           -2.675543           -0.064247
H                2.787388           -3.120030           -0.093287
O                5.125703            0.546189           -1.851603
O                2.556287            0.873060           -0.018984
H                4.199652           -1.651044           -0.994345
Ni              -4.857387           -1.376959            0.087977