50
 
C                5.969463            1.355528           -0.560422
H                6.512213            0.645235           -1.205162
H                6.718169            2.015046           -0.093680
H                5.333405            1.991238           -1.196712
C                4.408719            1.645895            1.397208
H                3.735069            2.280876            0.799456
H                5.123858            2.315613            1.901260
H                3.815702            1.147317            2.182277
C                6.160441           -0.145194            1.432774
H                5.636458           -0.668582            2.246993
H                6.884316            0.549971            1.884796
H                6.722770           -0.895299            0.855760
C                5.194526            0.633332            0.549542
C                4.188092           -0.302226           -0.066423
C                3.146984            0.246057           -1.027683
H                3.336667           -0.274593           -1.987420
C                1.709464           -0.076612           -0.671953
C                0.700947            0.970849           -0.562082
C                0.984948            2.339539           -0.727657
H                1.992564            2.685189           -0.971551
C               -0.021905            3.284826           -0.581534
H                0.204987            4.345916           -0.708114
C               -0.619165            0.577619           -0.263166
H               -0.819954           -0.488405           -0.130516
O                4.200980           -1.506538            0.186616
O                1.393795           -1.266584           -0.503588
H                3.301431            1.312865           -1.212225
C               -6.207633            0.473944           -0.991231
H               -6.335802            1.397315           -0.404358
H               -7.098105            0.340347           -1.627260
H               -5.341762            0.614815           -1.662094
C               -5.781303           -1.992108           -0.948778
H               -4.904625           -1.869812           -1.608235
H               -6.653960           -2.174477           -1.597381
H               -5.631894           -2.890428           -0.326572
C               -7.259131           -0.952138            0.790408
H               -7.136705           -1.822845            1.452756
H               -8.151522           -1.113751            0.164306
H               -7.439962           -0.073597            1.429479
C               -6.036214           -0.748145           -0.088657
C               -4.814747           -0.555710            0.782617
C               -3.505802           -0.186763            0.146244
C               -3.045242            1.176095            0.248332
C               -1.627622            1.520319           -0.116375
C               -1.314995            2.879954           -0.268622
H               -2.120854            3.606430           -0.128518
O               -4.781351           -0.712251            1.979419
O               -3.803729            2.069290            0.610218
H               -2.878382           -0.988577           -0.260965
Ni               2.704979           -2.626054           -0.243318