50
 
C                5.592681            2.237313            0.112215
H                5.084727            2.633257           -0.782665
H                6.595632            2.690772            0.139286
H                5.057979            2.584472            1.011778
C                6.481986            0.247311            1.326291
H                5.933902            0.510806            2.246185
H                7.465828            0.740689            1.369753
H                6.648220           -0.840127            1.315551
C                6.514029            0.314882           -1.184277
H                6.679627           -0.771836           -1.228225
H                7.498729            0.808412           -1.175550
H                5.989828            0.628834           -2.102250
C                5.734844            0.721559            0.073157
C                4.399598            0.001783            0.035888
C                3.179615            0.667004            0.031724
H                3.223171            1.752927            0.055422
C                1.882293            0.074619           -0.001382
C                0.671986            0.905117           -0.010090
C                0.707797            2.314369            0.012714
H                1.654689            2.856793            0.046728
C               -0.470719            3.043452           -0.009603
H               -0.434338            4.135037            0.009162
C               -0.573316            0.262331           -0.050144
H               -0.642172           -0.827945           -0.063539
O                4.507688           -1.301207            0.006107
O                1.689633           -1.192288           -0.027549
C               -5.779136           -0.975602            1.595235
H               -5.119086           -1.822000            1.347811
H               -6.533264           -1.327453            2.318638
H               -5.174512           -0.209478            2.110162
C               -7.343995            0.779241            0.720055
H               -6.760056            1.590731            1.186569
H               -8.115874            0.475247            1.446576
H               -7.859271            1.188648           -0.164638
C               -7.362309           -1.517530           -0.261522
H               -7.876631           -1.152039           -1.162979
H               -8.122210           -1.844992            0.466421
H               -6.764160           -2.393970           -0.556993
C               -6.484234           -0.436006            0.350941
C               -5.470474            0.028710           -0.685091
C               -4.340550            0.960241           -0.245849
H               -4.532689            1.479133            0.711368
C               -3.042188            0.203671           -0.126084
C               -1.759941            0.989909           -0.080234
C               -1.701413            2.387769           -0.061043
H               -2.620103            2.980902           -0.083717
O               -5.524600           -0.277247           -1.849093
O               -3.003167           -1.002904           -0.058536
H               -4.243090            1.737450           -1.023209
Ni               3.092477           -2.381285           -0.045089