50
 
C               -6.221332           -0.293045            1.499323
H               -6.258811           -1.388605            1.406370
H               -7.251558            0.071287            1.637616
H               -5.650216           -0.035618            2.406847
C               -5.650960            1.878195            0.410994
H               -5.103337            2.217570            1.305753
H               -6.696173            2.202545            0.531739
H               -5.252490            2.401342           -0.473989
C               -6.422981           -0.035884           -0.991115
H               -5.999033            0.409211           -1.906651
H               -7.455795            0.332548           -0.887110
H               -6.463525           -1.127996           -1.117397
C               -5.617135            0.363986            0.251634
C               -4.212459           -0.183454            0.080341
C               -3.081029            0.623829            0.064536
H               -3.252767            1.690493            0.183120
C               -1.724376            0.203439           -0.075386
C               -0.633197            1.182453           -0.086733
C               -0.858793            2.572392           -0.076834
H               -1.871649            2.979183           -0.057441
C                0.209073            3.458456           -0.108705
H                0.022085            4.534735           -0.105713
C                0.692551            0.710644           -0.127566
H                0.859788           -0.368456           -0.136307
O               -4.168002           -1.483180           -0.052396
O               -1.377690           -1.026876           -0.193250
C                5.905701            0.156307            1.603360
H                6.062430            1.182028            1.235074
H                6.686501           -0.062758            2.350346
H                4.938725            0.126755            2.134286
C                5.721088           -2.273676            1.012923
H                4.735439           -2.359800            1.502059
H                6.482867           -2.527655            1.768745
H                5.778435           -3.028457            0.211023
C                7.371742           -0.818699           -0.170218
H                7.459880           -1.551595           -0.985984
H                8.144898           -1.038862            0.583571
H                7.577288            0.175924           -0.596531
C                5.991575           -0.864098            0.469901
C                4.937180           -0.605669           -0.598309
C                3.497717           -0.326366           -0.166417
H                3.254699           -0.702014            0.844688
C                3.200986            1.153213           -0.207841
C                1.763974            1.594894           -0.158732
C                1.512583            2.975276           -0.149007
H                2.372494            3.651028           -0.177243
O                5.168914           -0.653676           -1.779610
O                4.078330            1.981390           -0.264199
H                2.844440           -0.853550           -0.882081
Ni              -2.638160           -2.367989           -0.261288