50
 
C               -7.250403            0.147240           -0.892607
H               -7.835547            0.597920           -0.073352
H               -7.962875           -0.202853           -1.657595
H               -6.634598            0.935218           -1.359014
C               -5.564247           -1.578286           -1.557916
H               -4.917289           -0.799540           -1.998633
H               -6.228563           -1.948894           -2.356159
H               -4.919673           -2.409929           -1.230613
C               -7.295792           -2.121072            0.177031
H               -6.697754           -2.965043            0.554552
H               -7.982448           -2.500437           -0.597151
H               -7.896674           -1.741940            1.018323
C               -6.406657           -1.033234           -0.401909
C               -5.461145           -0.530155            0.669183
C               -4.483008            0.551149            0.318859
H               -4.843548            1.585224            0.273711
C               -3.080022            0.219734            0.234277
C               -2.051122            1.310627            0.144226
C               -2.341273            2.679263            0.125047
H               -3.375952            3.029012            0.174797
C               -1.315875            3.620712            0.044114
H               -1.555910            4.686432            0.028273
C               -0.719600            0.903889            0.087390
H               -0.544773           -0.175063            0.105721
O               -5.437030           -0.922924            1.810607
O               -2.717931           -0.953606            0.226708
C                3.338228           -2.353223            1.408883
H                3.754976           -1.808447            2.272181
H                3.633897           -3.411440            1.496949
H                2.241438           -2.311303            1.480908
C                3.218451           -2.529522           -1.099443
H                2.119532           -2.489692           -1.072415
H                3.510534           -3.591858           -1.065884
H                3.548660           -2.114127           -2.065982
C                5.363763           -1.968697            0.021985
H                5.786501           -1.648351           -0.975571
H                5.640964           -3.031761            0.082781
H                5.876508           -1.516754            0.921617
C                3.845560           -1.781257            0.081196
C                3.476907           -0.300271           -0.005123
C                2.129742            0.084982            0.033027
H                1.368951           -0.688123            0.127301
C                1.719316            1.419534           -0.034132
C                0.319782            1.837258            0.013006
C                0.007436            3.208989           -0.012017
H                0.812429            3.944378           -0.071545
O                4.410590            0.574754           -0.110222
O                2.584963            2.393320           -0.140317
H                3.492818            2.005520           -0.158884
Ni               6.220836           -0.031659           -0.152821