50
 
C               -5.651084            1.878305            0.410085
H               -5.103691            2.217789            1.304944
H               -6.696323            2.202689            0.530502
H               -5.252365            2.401323           -0.474860
C               -6.422703           -0.036002           -0.991963
H               -5.998502            0.408945           -1.907451
H               -7.455549            0.332444           -0.888301
H               -6.463235           -1.128135           -1.118078
C               -6.221776           -0.292768            1.498576
H               -6.259314           -1.388337            1.405756
H               -7.252004            0.071668            1.636566
H               -5.650860           -0.035267            2.406206
C               -5.617225            0.364061            0.250953
C               -4.212494           -0.183402            0.080156
C               -3.081062            0.623861            0.064486
H               -3.252808            1.690556            0.182777
C               -1.724373            0.203424           -0.075015
C               -0.633183            1.182421           -0.086385
C               -0.858743            2.572364           -0.076334
H               -1.871583            2.979187           -0.056792
C                0.209141            3.458406           -0.108182
H                0.022175            4.534689           -0.105052
C                0.692554            0.710587           -0.127362
H                0.859774           -0.368514           -0.136228
O               -4.168023           -1.483161           -0.052303
O               -1.377691           -1.026926           -0.192484
C                5.905094            0.155741            1.603676
H                6.061436            1.181766            1.236075
H                6.685877           -0.063458            2.350638
H                4.938061            0.125432            2.134457
C                5.721790           -2.273967            1.011721
H                4.736080           -2.360927            1.500590
H                6.483555           -2.527969            1.767548
H                5.779717           -3.028209            0.209360
C                7.371824           -0.817395           -0.170336
H                7.460452           -1.549774           -0.986508
H                8.145010           -1.037562            0.583422
H                7.576883            0.177592           -0.596045
C                5.991599           -0.863895            0.469592
C                4.937181           -0.605670           -0.598651
C                3.497672           -0.326495           -0.166829
H                3.254576           -0.702523            0.844116
C                3.200987            1.153098           -0.207755
C                1.763994            1.594816           -0.158519
C                1.512639            2.975203           -0.148623
H                2.372562            3.650940           -0.176836
O                5.168945           -0.653893           -1.779937
O                4.078364            1.981260           -0.263886
H                2.844459           -0.853403           -0.882755
Ni              -2.638147           -2.368048           -0.260533