50
 
C               -2.635633            3.364106            0.933764
H               -3.494329            3.508766            1.609429
H               -2.322383            4.358532            0.578128
H               -1.795348            2.950875            1.513990
C               -1.788383            2.309390           -1.191226
H               -0.898826            1.943093           -0.653929
H               -1.515493            3.282384           -1.629981
H               -2.004658            1.623215           -2.027843
C               -4.136449            3.179395           -1.061739
H               -4.422777            2.593800           -1.948999
H               -3.803695            4.171997           -1.401570
H               -5.035703            3.314702           -0.441595
C               -3.012597            2.507900           -0.283667
C               -3.457553            1.152156            0.195263
C               -2.495713            0.287432            0.992341
H               -2.981781            0.143557            1.977359
C               -2.290704           -1.106116            0.434241
C               -0.958720           -1.592102            0.088383
C               -0.825915           -2.914184           -0.386304
H               -1.713673           -3.547284           -0.453298
C                0.416765           -3.392596           -0.764647
H                0.519609           -4.415937           -1.133061
C                0.180874           -0.783870            0.175564
H                0.157794            0.245769            0.541403
O               -4.594414            0.735681           -0.028431
O               -3.281510           -1.839466            0.285649
H               -1.552013            0.808855            1.174649
C                5.402747            0.757322            1.765056
H                4.823585            1.694658            1.745799
H                6.176804            0.845401            2.545214
H                4.721302           -0.058543            2.064610
C                6.819537           -0.852191            0.472569
H                6.171635           -1.686179            0.792396
H                7.637656           -0.778062            1.207645
H                7.268971           -1.109475           -0.501231
C                7.006563            1.610085            0.030404
H                7.476264            1.426196           -0.948375
H                7.803780            1.709811            0.784718
H                6.470849            2.569741           -0.036634
C                6.065575            0.480002            0.413186
C                4.969567            0.361806           -0.623239
C                3.911706           -0.686295           -0.444102
C                2.566561           -0.270567           -0.131882
C                1.432209           -1.253954           -0.218464
C                1.541022           -2.565921           -0.688075
H                2.508235           -2.960693           -1.011368
O                4.872394            1.042956           -1.615459
O                2.329658            0.883380            0.216137
H                4.159223           -1.727518           -0.681544
Ni              -5.044028           -1.108531            0.258084