50
 
C               -4.542635            2.065102            1.849844
H               -5.013479            1.293847            2.481685
H               -4.853027            3.049025            2.238650
H               -3.449802            1.993029            1.976479
C               -4.279613            2.990373           -0.469397
H               -3.180848            2.941365           -0.392893
H               -4.586349            3.995603           -0.136185
H               -4.555116            2.893338           -1.532646
C               -6.490697            2.111278            0.287868
H               -6.839801            2.012013           -0.751356
H               -6.773018            3.111093            0.654471
H               -7.025664            1.358800            0.887130
C               -4.982142            1.933282            0.388192
C               -4.595501            0.552310           -0.116922
C               -3.186213            0.164856           -0.120040
H               -2.433978            0.859404            0.254628
C               -2.821621           -1.074545           -0.570030
C               -1.422451           -1.557561           -0.600402
C               -1.185838           -2.915430           -0.889785
H               -2.043681           -3.558852           -1.096542
C                0.103861           -3.418908           -0.948798
H                0.266867           -4.458330           -1.247566
C               -0.335183           -0.715483           -0.350781
H               -0.496237            0.340239           -0.112790
O               -5.450679           -0.240356           -0.519123
O               -3.688736           -1.962056           -1.003229
H               -4.596066           -1.528835           -0.928989
C                5.356768            0.881067           -0.874027
H                5.640528            0.294530            0.014760
H                6.276241            1.126340           -1.429778
H                4.738023            0.243662           -1.530144
C                4.223905            2.935571           -1.755223
H                3.606373            2.318832           -2.430444
H                5.127824            3.223062           -2.316007
H                3.672094            3.859508           -1.515946
C                5.511779            3.044473            0.403311
H                4.992318            3.969656            0.697463
H                6.434480            3.322235           -0.130098
H                5.794003            2.513409            1.325805
C                4.637974            2.178021           -0.488529
C                3.386343            1.795713            0.247675
C                2.330726            0.942084           -0.393389
H                1.593820            1.411452           -1.057061
C                2.136241           -0.388216            0.042662
C                0.969005           -1.215661           -0.363009
C                1.210019           -2.592456           -0.678058
H                2.216295           -2.917915           -0.992943
O                3.073172            2.124551            1.367815
O                2.960838           -0.962116            0.815268
Ni               1.935110           -2.558640            1.220625