50
 
C               -4.516325            2.964930            1.217737
H               -5.514095            2.502840            1.255378
H               -4.648464            4.058368            1.206483
H               -3.971238            2.703094            2.139871
C               -2.394928            3.257011           -0.064492
H               -1.787138            3.048783            0.831330
H               -2.570708            4.343599           -0.088762
H               -1.805316            3.006688           -0.961633
C               -4.537524            2.896378           -1.293026
H               -4.007346            2.585202           -2.208470
H               -4.670816            3.988813           -1.338770
H               -5.535318            2.432666           -1.288899
C               -3.737584            2.538928           -0.033487
C               -3.599943            1.028896            0.004763
C               -2.371608            0.379397           -0.003430
C               -2.145141           -1.028813            0.025710
C               -0.780773           -1.568209            0.003588
C               -0.602104           -2.967159            0.008894
H               -1.479064           -3.616938            0.034885
C                0.670745           -3.511692           -0.021495
H                0.801225           -4.596321           -0.016895
C                0.351595           -0.743092           -0.027722
H                0.295631            0.348602           -0.025097
O               -4.744861            0.396647            0.043337
O               -3.090210           -1.895338            0.068526
H               -1.490743            1.015520           -0.039891
C                5.345172            1.283102            1.581543
H                4.559667            2.017166            1.341564
H                6.050217            1.752365            2.287577
H                4.873920            0.439265            2.113817
C                7.135135           -0.229743            0.685128
H                6.683646           -1.116198            1.162147
H                7.865081            0.186778            1.399047
H                7.691473           -0.562978           -0.206655
C                6.801661            2.039883           -0.303095
H                7.349943            1.749348           -1.211820
H                7.517128            2.478483            0.411272
H                6.077275            2.818090           -0.590931
C                6.101221            0.844842            0.327131
C                5.146701            0.233650           -0.688239
C                4.180091           -0.858177           -0.226989
H                4.457475           -1.327145            0.735164
C                2.781065           -0.312701           -0.101214
C                1.634200           -1.285906           -0.065617
C                1.788378           -2.675676           -0.063559
H                2.787341           -3.120189           -0.092441
O                5.125950            0.544967           -1.851844
O                2.556342            0.872920           -0.019318
H                4.199783           -1.651710           -0.993413
Ni              -4.857412           -1.376887            0.087384