50
 
C                6.579199            0.330344           -1.019344
H                6.737340           -0.756633           -1.079950
H                7.565598            0.814910           -0.946222
H                6.108167            0.669925           -1.956905
C                5.602254            2.228027            0.272611
H                5.141570            2.650316           -0.635813
H                6.605854            2.672484            0.359411
H                5.027635            2.559075            1.153487
C                6.409163            0.200388            1.482575
H                5.813646            0.445203            2.377936
H                7.393182            0.682732            1.593325
H                6.564969           -0.888237            1.451595
C                5.735632            0.712041            0.203153
C                4.399575           -0.000812            0.076551
C                3.175231            0.693286            0.044630
H                3.223898            1.777023            0.122898
C                1.891797            0.105402           -0.069203
C                0.670174            0.927548           -0.107874
C                0.697020            2.334083           -0.148743
H                1.641909            2.881950           -0.156663
C               -0.486582            3.056452           -0.194606
H               -0.455273            4.147876           -0.228948
C               -0.568353            0.276592           -0.112172
H               -0.629009           -0.813653           -0.077707
O                4.480034           -1.280315            0.005421
O                1.718426           -1.164432           -0.141427
C               -5.696932           -0.842182            1.712234
H               -5.020659           -1.689523            1.518454
H               -6.425534           -1.152898            2.479353
H               -5.103851           -0.021186            2.149510
C               -7.327419            0.796973            0.734459
H               -6.753450            1.658283            1.116010
H               -8.073143            0.535856            1.503791
H               -7.874251            1.116942           -0.167824
C               -7.308683           -1.575330           -0.051895
H               -7.859321           -1.297219           -0.962933
H               -8.037670           -1.863064            0.722826
H               -6.693640           -2.456657           -0.293300
C               -6.446343           -0.425332            0.447982
C               -5.474389           -0.014744           -0.653779
C               -4.339815            0.949966           -0.316012
H               -4.520501            1.540668            0.600382
C               -3.036475            0.203302           -0.163937
C               -1.760872            0.996481           -0.160698
C               -1.713248            2.393653           -0.203462
H               -2.635507            2.980231           -0.243032
O               -5.577000           -0.390481           -1.793379
O               -2.998558           -0.999527           -0.044777
H               -4.257942            1.662540           -1.154678
Ni               3.054541           -2.401990           -0.145947