50
 
C               -5.999394           -0.129043            1.770634
H               -6.037437           -1.230847            1.794362
H               -7.009387            0.237699            2.013396
H               -5.315808            0.204231            2.567553
C               -5.577351            1.949728            0.460246
H               -4.944048            2.337884            1.273509
H               -6.601852            2.298202            0.661089
H               -5.253168            2.399857           -0.491951
C               -6.552326           -0.030292           -0.682135
H               -6.235009            0.292012           -1.687143
H               -7.541772            0.409219           -0.483811
H               -6.729198           -1.123443           -0.705214
C               -5.567750            0.427153            0.404252
C               -4.188796           -0.121026            0.095208
C               -3.036523            0.592807            0.111403
H               -3.175658            1.646082            0.345247
C               -1.663257            0.168327           -0.116459
C               -0.592230            1.174953           -0.141004
C               -0.833998            2.559596           -0.138835
H               -1.851016            2.957054           -0.109886
C                0.224688            3.457147           -0.205750
H                0.026237            4.531504           -0.215178
C                0.736537            0.718634           -0.200235
H                0.907604           -0.360254           -0.217386
O               -4.197616           -1.465640           -0.173004
O               -1.341306           -1.033364           -0.284621
H               -5.116747           -1.767754           -0.280375
C                6.165466            0.454864            1.381998
H                6.461757            1.292083            0.730412
H                6.934637            0.332232            2.162345
H                5.223779            0.735397            1.885739
C                5.540643           -1.963771            1.528387
H                4.595315           -1.702303            2.034582
H                6.294005           -2.136222            2.314692
H                5.399114           -2.913931            0.986125
C                7.341271           -1.234918           -0.057199
H                7.244934           -2.166610           -0.635843
H                8.115206           -1.382109            0.713545
H                7.687010           -0.451421           -0.749493
C                6.023780           -0.848350            0.594202
C                4.967019           -0.663776           -0.474220
C                3.602692           -0.182057           -0.077252
H                2.881357           -0.912889            0.307105
C                3.235499            1.185283           -0.363100
C                1.799420            1.612388           -0.259199
C                1.531874            2.988823           -0.270900
H                2.380992            3.674794           -0.339877
O                5.117886           -0.907968           -1.647222
O                4.091308            2.008695           -0.668835
Ni              -2.523093           -2.454038           -0.423012