50
 
C               -5.654289           -1.323290            1.537022
H               -5.395442           -2.379236            1.370206
H               -6.740769           -1.258136            1.705238
H               -5.150211           -0.978203            2.454838
C               -5.713118            0.988552            0.587717
H               -5.255627            1.404898            1.500208
H               -6.804134            1.016838            0.731974
H               -5.481770            1.651718           -0.262025
C               -5.980351           -0.979423           -0.930421
H               -5.714349           -0.383356           -1.819014
H               -7.070729           -0.909221           -0.792492
H               -5.726422           -2.031715           -1.125168
C               -5.282295           -0.449416            0.330350
C               -3.798295           -0.574915            0.116764
C               -2.900692            0.494314            0.161244
H               -3.275747            1.490226            0.393802
C               -1.525099            0.339182           -0.052590
C               -0.597938            1.486954           -0.046066
C               -0.919842            2.728620           -0.610126
H               -1.922034            2.906606           -1.010793
C                0.056962            3.715706           -0.706566
H               -0.194324            4.682285           -1.150271
C                0.702087            1.273933            0.438953
H                0.916877            0.377202            1.037368
O               -3.395027           -1.791600           -0.114294
O               -0.995869           -0.819433           -0.281324
H               -2.414800           -1.797305           -0.226704
C                4.498944           -2.398958           -0.969868
H                3.924167           -2.282870           -1.902050
H                4.755806           -3.464085           -0.851087
H                5.439261           -1.835814           -1.080689
C                4.539595           -2.076520            1.510064
H                5.485006           -1.514002            1.451899
H                4.803435           -3.137585            1.644451
H                3.995678           -1.750676            2.412111
C                2.414521           -2.722495            0.387202
H                1.780942           -2.352306            1.215371
H                2.635340           -3.780995            0.602696
H                1.834389           -2.753935           -0.565507
C                3.709525           -1.906780            0.245393
C                3.293433           -0.461691            0.007567
C                3.635752            0.598324            0.812545
H                4.394385            0.472117            1.589587
C                3.133853            1.987593            0.675062
C                1.704002            2.232123            0.272996
C                1.362218            3.467360           -0.280665
H                2.145381            4.224674           -0.379793
O                2.494493           -0.269928           -1.017492
O                3.868627            2.922610            0.902400
Ni               0.828002           -0.873762           -0.849212