50
 
C               -4.192283            1.413392            1.821923
H               -3.528360            0.799714            2.453871
H               -4.839342            1.997657            2.495682
H               -3.574581            2.132839            1.260338
C               -5.955635            1.427173            0.021000
H               -5.380694            2.153576           -0.575092
H               -6.640258            2.006394            0.660668
H               -6.574595            0.824080           -0.663020
C               -5.958342           -0.363345            1.768768
H               -6.589601           -1.016096            1.146518
H               -6.619914            0.252843            2.396629
H               -5.359712           -1.005726            2.432487
C               -5.078954            0.543034            0.917822
C               -4.158435           -0.285098            0.060721
C               -3.209533            0.407374           -0.901670
H               -3.368393            1.489296           -0.902943
C               -1.747850            0.037874           -0.741732
C               -0.717619            1.060792           -0.604588
C               -0.996108            2.440066           -0.566472
H               -2.020586            2.815061           -0.630254
C                0.039199            3.359105           -0.457050
H               -0.182382            4.428563           -0.433364
C                0.622262            0.630938           -0.520660
H                0.820152           -0.442806           -0.566140
O               -4.168331           -1.514420            0.120241
O               -1.434006           -1.163969           -0.769194
H               -3.496037            0.042646           -1.908208
C                5.819224            0.430524            1.674945
H                6.135841            1.328753            1.121483
H                6.500466            0.290503            2.530309
H                4.811230            0.621643            2.083316
C                5.319854           -2.019838            1.579200
H                4.303164           -1.845155            1.972180
H                5.976080           -2.207594            2.444993
H                5.307394           -2.934611            0.963088
C                7.254589           -1.089458            0.281847
H                7.281797           -1.978338           -0.367086
H                7.936712           -1.257524            1.130944
H                7.636960           -0.239946           -0.305454
C                5.848510           -0.816136            0.789833
C                4.917864           -0.612475           -0.385075
C                3.492972           -0.207787           -0.138015
H                2.757495           -0.995138            0.065066
C                3.113154            1.164718           -0.363827
C                1.659365            1.547352           -0.411499
C                1.356086            2.917401           -0.388551
H                2.190472            3.621852           -0.322575
O                5.210191           -0.785976           -1.543574
O                3.965688            2.035856           -0.500211
Ni              -2.737199           -2.548859           -0.627252