50
 
C               -5.554104            1.028789            1.796751
H               -5.304074            0.298170            2.583359
H               -6.553619            1.433380            2.023894
H               -4.840237            1.865244            1.862109
C               -5.896747            1.426486           -0.662380
H               -5.194404            2.274955           -0.649829
H               -6.904204            1.834438           -0.480997
H               -5.892387            0.988356           -1.673855
C               -6.656220           -0.708450            0.383346
H               -6.715222           -1.202731           -0.598684
H               -7.636671           -0.253864            0.592645
H               -6.473346           -1.483999            1.142920
C               -5.584266            0.374551            0.409363
C               -4.217869           -0.226954            0.125104
C               -3.074645            0.609561            0.090114
C               -1.741432            0.198024           -0.152831
C               -0.640317            1.175151           -0.183246
C               -0.861719            2.562479           -0.211696
H               -1.875327            2.969964           -0.217807
C                0.209123            3.446775           -0.262999
H                0.023768            4.522987           -0.293716
C                0.680067            0.698610           -0.206987
H                0.841530           -0.381573           -0.189610
O               -4.159862           -1.484996           -0.069613
O               -1.423006           -1.029874           -0.344420
H               -3.244590            1.667196            0.289818
C                5.781013            0.230246            1.681686
H                5.925216            1.248051            1.287810
H                6.535836            0.057452            2.466646
H                4.794450            0.186779            2.173764
C                5.695974           -2.222984            1.162611
H                4.692885           -2.325958            1.610981
H                6.431608           -2.426929            1.958473
H                5.813436           -2.999153            0.388447
C                7.350269           -0.750530            0.001568
H                7.495353           -1.506882           -0.783966
H                8.097998           -0.919053            0.793186
H                7.540118            0.236694           -0.448689
C                5.947759           -0.821987            0.588748
C                4.928197           -0.644209           -0.533675
C                3.472930           -0.350515           -0.178379
H                3.191090           -0.696352            0.832645
C                3.187341            1.130495           -0.282781
C                1.755795            1.580591           -0.253503
C                1.510949            2.961123           -0.281335
H                2.371899            3.634461           -0.322468
O                5.209576           -0.775228           -1.697314
O                4.076614            1.943135           -0.374650
H                2.849045           -0.898003           -0.904809
Ni              -2.619619           -2.411836           -0.418970