50
 
C               -4.121043            3.018158            1.378185
H               -5.104035            2.589116            1.635143
H               -4.225938            4.114379            1.406761
H               -3.406624            2.724381            2.163496
C               -2.279048            3.254581           -0.286324
H               -1.536264            3.031606            0.495503
H               -2.412702            4.346971           -0.295901
H               -1.864170            2.960957           -1.263878
C               -4.621701            3.034081           -1.087708
H               -4.329377            2.682382           -2.090417
H               -4.660305            4.133749           -1.114329
H               -5.666411            2.719006           -0.897540
C               -3.621609            2.588539           -0.010711
C               -3.517117            1.076594           -0.017579
C               -2.360642            0.370079           -0.009188
H               -1.468908            0.991843           -0.035741
C               -2.132647           -1.065491            0.025191
C               -0.751354           -1.573520           -0.015558
C               -0.551979           -2.967464            0.014300
H               -1.421025           -3.626022            0.074065
C                0.729233           -3.492157           -0.035512
H                0.877480           -4.574435           -0.014792
C                1.832745           -2.641559           -0.117268
H                0.297581            0.355263           -0.119431
O               -4.739591            0.456052            0.013864
O               -3.062559           -1.906046            0.086816
H               -5.440863            1.116523           -0.125384
C                5.390519            1.365408            1.530786
H                4.801211            2.230784            1.186948
H                6.080654            1.707952            2.319557
H                4.695331            0.640794            1.990180
C                6.948461           -0.488302            0.897234
H                6.278140           -1.223288            1.374833
H                7.682811           -0.176809            1.658224
H                7.501443           -0.992158            0.086725
C                7.155593            1.751315           -0.212677
H                7.726447            1.315235           -1.047164
H                7.868764            2.093235            0.554914
H                6.619849            2.629927           -0.604474
C                6.190912            0.740886            0.385288
C                5.212863            0.286111           -0.677597
C                4.147887           -0.702794           -0.307042
H                4.421771           -1.761664           -0.235291
C                2.776885           -0.255079           -0.240297
C                1.659625           -1.254880           -0.143173
C                0.366358           -0.735072           -0.091117
H                2.833916           -3.078424           -0.164031
O                5.225423            0.646210           -1.829950
O                2.512640            0.944187           -0.253924
Ni              -4.869990           -1.497541            0.109006