50
 
C                5.400821           -1.528150            1.811979
H                5.296432           -0.768279            2.603681
H                6.288042           -2.136731            2.050518
H                4.525721           -2.195907            1.855823
C                5.701201           -1.963877           -0.647545
H                4.838226           -2.648674           -0.658920
H                6.597743           -2.575654           -0.457242
H                5.807555           -1.523299           -1.652482
C                6.875094           -0.049734            0.442935
H                7.050939            0.436612           -0.528956
H                7.735097           -0.702463            0.658093
H                6.843272            0.736998            1.211918
C                5.598397           -0.881152            0.434122
C                4.403886            0.007053            0.142072
C                3.095781           -0.614045            0.052913
H                3.060386           -1.684319            0.263487
C                1.884112           -0.070897           -0.246156
C                0.640635           -0.841731           -0.354052
C                0.646562           -2.185937           -0.763944
H                1.585559           -2.673134           -1.040941
C               -0.547274           -2.886225           -0.859435
H               -0.539181           -3.927600           -1.189852
C               -0.580765           -0.230418           -0.053539
H               -0.662626            0.801693            0.312569
O                4.588664            1.233567           -0.001002
O                1.726445            1.271934           -0.462649
H                0.813412            1.450505           -0.752487
C               -5.959450            1.358462           -1.088720
H               -5.507196            2.226685           -0.582958
H               -6.738952            1.726524           -1.776070
H               -5.178431            0.874634           -1.701394
C               -7.157181           -0.823701           -0.829066
H               -6.404325           -1.318934           -1.466194
H               -7.974302           -0.492420           -1.490659
H               -7.574035           -1.570585           -0.132706
C               -7.659998            1.071763            0.736897
H               -8.104173            0.382416            1.471723
H               -8.462223            1.438474            0.076256
H               -7.251238            1.928632            1.294602
C               -6.581567            0.385016           -0.084390
C               -5.483401           -0.105367            0.833159
C               -4.305636           -0.824748            0.243083
C               -3.028165           -0.159331            0.207669
C               -1.785455           -0.928792           -0.148177
C               -1.758384           -2.265856           -0.550402
H               -2.683773           -2.841247           -0.636060
O               -5.472913            0.013005            2.034339
O               -2.933424            1.039021            0.460773
H               -4.414109           -1.890452            0.010381
Ni               3.263812            2.489725           -0.345366