50
 
C               -3.317101            2.528561            2.211645
H               -4.159300            1.956729            2.634565
H               -3.399551            3.563323            2.581954
H               -2.379492            2.110825            2.611469
C               -2.161452            3.314784            0.118965
H               -1.194853            2.932314            0.483761
H               -2.232619            4.367796            0.435895
H               -2.148927            3.301366           -0.983476
C               -4.653215            3.213283            0.215990
H               -4.729868            3.234595           -0.882057
H               -4.678276            4.251812            0.580656
H               -5.542362            2.693898            0.603997
C               -3.364555            2.545316            0.677395
C               -3.316084            1.107214            0.186356
C               -2.130134            0.330497            0.485810
H               -1.354358            0.816992            1.079825
C               -1.867429           -0.955737            0.131567
C               -0.602695           -1.636097            0.442635
C               -0.607351           -2.990539            0.813644
H               -1.552269           -3.535906            0.915959
C                0.586592           -3.639094            1.117640
H                0.573016           -4.687110            1.426181
C                0.614856           -0.948730            0.365162
H                0.608186            0.103417            0.064983
O               -4.292813            0.657714           -0.440167
O               -2.784357           -1.705374           -0.524076
H               -2.390913           -2.543716           -0.820121
C                6.022908           -0.559209           -1.191954
H                6.247240           -1.159839           -0.297623
H                6.872392           -0.635319           -1.889620
H                5.146645           -1.006009           -1.694727
C                5.446979            1.697255           -2.117701
H                4.557139            1.293042           -2.630582
H                6.293571            1.624962           -2.819547
H                5.275273            2.763277           -1.896990
C                6.992645            1.518491           -0.141562
H                6.813124            2.572543            0.120835
H                7.872858            1.472826           -0.802165
H                7.230378            0.974157            0.786048
C                5.788768            0.906748           -0.841775
C                4.574995            1.056322            0.020448
C                3.304145            0.295195           -0.129207
H                2.469805            0.814298           -0.612669
C                3.145859           -0.924373            0.628095
C                1.814089           -1.599030            0.660049
C                1.788148           -2.947230            1.047765
H                2.737706           -3.429658            1.295535
O                4.408943            1.861355            0.912431
O                4.111870           -1.412690            1.209038
Zn              -4.894783           -1.098014           -1.258523