50
 
C               -6.703046           -0.928619            1.330284
H               -6.596689           -1.996526            1.089397
H               -7.775112           -0.708796            1.453257
H               -6.206675           -0.733095            2.295052
C               -6.365596            1.429848            0.567279
H               -5.911231            1.703540            1.533650
H               -7.447136            1.613488            0.657359
H               -5.986077            2.110691           -0.212365
C               -6.833393           -0.361287           -1.115247
H               -6.432140            0.248843           -1.941172
H               -7.906741           -0.134337           -1.020699
H               -6.729930           -1.423536           -1.380364
C               -6.138567           -0.034516            0.214922
C               -4.681342           -0.369861            0.066048
C               -3.635618            0.544057            0.265640
H               -3.871384            1.565156            0.565400
C               -2.292907            0.206468            0.116877
C               -1.191966            1.189662            0.229322
C               -1.156619            2.412570           -0.438169
H               -2.067275            2.849085           -0.859233
C                0.089063            3.013896           -0.676689
H                0.123064            3.971001           -1.203954
C                0.018349            0.658245            0.704498
H               -0.007545           -0.170133            1.434395
O               -4.445240           -1.603888           -0.261267
O               -1.916530           -1.007315           -0.200803
H               -3.471901           -1.755248           -0.326108
C                7.174055           -1.147580           -0.061936
H                7.030572           -1.992333            0.629188
H                8.200385           -0.765685            0.062523
H                7.071470           -1.543097           -1.084251
C                6.390552            1.104666           -0.789534
H                6.238346            0.766191           -1.828294
H                7.427898            1.470521           -0.708636
H                5.728681            1.968147           -0.609102
C                6.336097            0.472944            1.639427
H                5.660902            1.310909            1.880333
H                7.367837            0.834380            1.785952
H                6.158134           -0.330875            2.373276
C                6.168352           -0.037221            0.205733
C                4.752381           -0.595316            0.035802
C                3.635152            0.357889            0.245315
H                3.862785            1.395842            0.508222
C                2.318417            0.046371            0.137981
C                1.259830            1.094309            0.229170
C                1.282311            2.340136           -0.416693
H                2.229340            2.736765           -0.796169
O                4.547011           -1.751384           -0.263550
O                1.839900           -1.177012           -0.106708
Zn               0.018542           -1.235136           -0.419307