50
 
C               -4.159676            2.186825            1.501240
H               -4.409678            1.627661            2.418010
H               -4.500294            3.225750            1.642279
H               -3.061762            2.214534            1.402771
C               -4.449229            2.359251           -0.987777
H               -3.357699            2.388951           -1.141327
H               -4.795345            3.402555           -0.903861
H               -4.912213            1.926634           -1.889991
C               -6.364206            1.652051            0.453315
H               -6.890966            1.216670           -0.409526
H               -6.682416            2.701125            0.560525
H               -6.687071            1.099351            1.348868
C               -4.853982            1.588481            0.273403
C               -4.419622            0.141865            0.120036
C               -2.995560           -0.159548           -0.057549
H               -2.271105            0.654367           -0.086515
C               -2.584728           -1.457006           -0.210751
C               -1.175149           -1.837544           -0.427247
C               -0.895804           -3.181363           -0.776217
H               -1.731961           -3.873428           -0.893370
C                0.398475           -3.590387           -0.994845
H                0.602766           -4.608247           -1.338483
C               -0.123389           -0.924661           -0.270648
H               -0.327524            0.092687            0.071549
O               -5.236370           -0.779905            0.139633
O               -3.412506           -2.478017           -0.205962
H               -4.334356           -2.096918           -0.073311
C                2.848485            3.572901           -1.731254
H                3.754946            3.269346           -2.280605
H                2.674935            4.641615           -1.941299
H                1.991951            3.017481           -2.148860
C                1.739866            3.781062            0.514103
H                0.841357            3.257615            0.145230
H                1.562814            4.860164            0.372806
H                1.824626            3.599385            1.598659
C                4.185837            4.208718            0.280004
H                4.343242            4.069601            1.360738
H                3.991072            5.276710            0.091963
H                5.123768            3.931969           -0.225035
C                3.018111            3.372224           -0.222548
C                3.319613            1.893053            0.034448
C                2.254222            0.927435           -0.331796
H                1.344135            1.298434           -0.810632
C                2.346608           -0.424339           -0.123558
C                1.199398           -1.308524           -0.460612
C                1.474013           -2.679658           -0.825736
H                2.390416           -2.867906           -1.419248
O                4.358862            1.517827            0.529516
O                3.422509           -1.030437            0.326674
Zn               2.862557           -2.762895            0.789791