50
 
C               -3.864716            1.711498            1.844066
H               -3.121221            1.135404            2.421066
H               -4.409227            2.350824            2.557322
H               -3.329408            2.382570            1.152720
C               -5.841406            1.615586            0.282372
H               -5.337143            2.266811           -0.449529
H               -6.426955            2.270615            0.947036
H               -6.554536            0.970435           -0.256026
C               -5.644983           -0.021267            2.165314
H               -6.356580           -0.709300            1.683948
H               -6.214126            0.658503            2.817878
H               -4.973410           -0.621909            2.797625
C               -4.870083            0.791580            1.137308
C               -4.081035           -0.131518            0.240186
C               -3.213120            0.467436           -0.855297
H               -3.356277            1.548179           -0.944321
C               -1.761648            0.069446           -0.702002
C               -0.688827            1.070252           -0.725418
C               -0.913188            2.443738           -0.921108
H               -1.923426            2.839970           -1.050828
C                0.159149            3.328924           -0.966118
H               -0.020404            4.395019           -1.122502
C                0.628058            0.605816           -0.571176
H                0.769056           -0.469008           -0.434001
O               -4.107769           -1.345613            0.388519
O               -1.483913           -1.125706           -0.564599
H               -3.558743            0.012060           -1.805456
C                5.709523            0.595319            1.715871
H                5.947114            1.479324            1.104962
H                6.393753            0.569344            2.579278
H                4.686223            0.718028            2.112970
C                5.476445           -1.898431            1.801179
H                4.446955           -1.818120            2.190973
H                6.155798           -1.933868            2.668303
H                5.573729           -2.849039            1.251915
C                7.265123           -0.862139            0.369131
H                7.362413           -1.788825           -0.217304
H                7.988351           -0.901798            1.199021
H                7.537526           -0.018538           -0.284581
C                5.856499           -0.696879            0.918074
C                4.869631           -0.733797           -0.207004
C                3.448982           -0.294590           -0.121106
C                3.133989            1.065493           -0.490146
C                1.704438            1.485171           -0.614550
C                1.455566            2.854600           -0.814959
H                2.316115            3.528793           -0.855443
O                5.048021           -1.186786           -1.317373
O                4.041645            1.869827           -0.687994
H                2.694726           -1.084838           -0.047011
Zn              -2.908151           -2.714061           -0.782471