50
 
C                1.773144            1.796414           -1.801599
H                2.514613            1.451859           -2.540742
H                1.189005            2.609863           -2.261385
H                1.074990            0.972500           -1.581654
C                1.404077            2.798977            0.477368
H                0.601751            2.060280            0.635859
H                0.914993            3.708254            0.094890
H                1.850600            3.057015            1.451920
C                3.366191            3.513724           -0.911509
H                3.899080            3.908317           -0.031562
H                2.756526            4.328674           -1.330841
H                4.114816            3.222871           -1.662196
C                2.456514            2.347127           -0.535765
C                3.289040            1.203493           -0.009893
C                2.738326            0.110548            0.869419
C                2.512377           -1.175491            0.122905
C                1.184645           -1.679505           -0.194832
C                1.050206           -2.931565           -0.829545
H                1.947024           -3.513049           -1.057299
C               -0.210456           -3.406283           -1.153251
H               -0.319947           -4.376303           -1.643660
C                0.040193           -0.931496            0.100383
H                0.094618            0.043111            0.591180
O                4.487310            1.103635           -0.339718
O                3.536994           -1.818352           -0.220379
H                1.937564            0.415444            1.549976
C               -4.948863            1.666342           -0.901941
H               -4.216093            2.264344           -0.336926
H               -5.647482            2.359869           -1.398695
H               -4.408860            1.128132           -1.699658
C               -6.700956           -0.128002           -0.803820
H               -6.192782           -0.721604           -1.582495
H               -7.425607            0.526128           -1.316451
H               -7.271398           -0.818323           -0.160473
C               -6.511318            1.540636            1.045312
H               -7.077682            0.886574            1.725431
H               -7.220930            2.213264            0.536929
H               -5.836071            2.151666            1.664607
C               -5.733171            0.730340            0.018940
C               -4.780218           -0.208293            0.742927
C               -3.783308           -1.026075           -0.081991
H               -4.006897           -1.049071           -1.164663
C               -2.385287           -0.496683            0.096272
C               -1.228048           -1.400908           -0.228003
C               -1.345402           -2.647623           -0.851603
H               -2.332337           -3.039496           -1.115294
O               -4.774749           -0.362662            1.937475
O               -2.163220            0.631682            0.473835
H               -3.837092           -2.066396            0.281906
Zn               4.702693           -0.540414            0.884098