50
 
C               -4.159737            2.186876            1.501152
H               -4.409706            1.627702            2.417926
H               -4.500388            3.225789            1.642206
H               -3.061827            2.214625            1.402659
C               -4.449227            2.359240           -0.987863
H               -3.357697            2.388805           -1.141443
H               -4.795214            3.402587           -0.903944
H               -4.912277            1.926678           -1.890071
C               -6.364275            1.652158            0.453203
H               -6.891034            1.216652           -0.409575
H               -6.682470            2.701252            0.560254
H               -6.687164            1.099597            1.348835
C               -4.854047            1.588525            0.273318
C               -4.419729            0.141882            0.120050
C               -2.995662           -0.159534           -0.057588
H               -2.271234            0.654403           -0.086639
C               -2.584808           -1.456987           -0.210693
C               -1.175233           -1.837546           -0.427182
C               -0.895877           -3.181406           -0.775984
H               -1.732021           -3.873513           -0.892982
C                0.398399           -3.590428           -0.994643
H                0.602693           -4.608329           -1.338157
C               -0.123481           -0.924630           -0.270727
H               -0.327644            0.092748            0.071365
O               -5.236477           -0.779869            0.139767
O               -3.412582           -2.478015           -0.205799
H               -4.334412           -2.096927           -0.073143
C                2.848717            3.572744           -1.731222
H                3.755159            3.269004           -2.280501
H                2.675337            4.641464           -1.941384
H                1.992113            3.017418           -2.148813
C                1.739993            3.781258            0.514041
H                0.841484            3.257766            0.145234
H                1.563014            4.860339            0.372516
H                1.824683            3.599776            1.598635
C                4.186036            4.208654            0.280021
H                4.343389            4.069661            1.360779
H                3.991384            5.276642            0.091844
H                5.123960            3.931745           -0.224946
C                3.018250            3.372211           -0.222472
C                3.319624            1.893068            0.034658
C                2.254197            0.927471           -0.331664
H                1.344085            1.298579           -0.810374
C                2.346584           -0.424363           -0.123744
C                1.199309           -1.308489           -0.460690
C                1.473904           -2.679637           -0.825744
H                2.390341           -2.867930           -1.419185
O                4.358777            1.517790            0.529890
O                3.422571           -1.030553            0.326102
Zn               2.862651           -2.762925            0.789729