50
 
C                4.070572           -2.062696            1.390106
H                3.492826           -1.499661            2.142957
H                4.606764           -2.865779            1.920733
H                3.364144           -2.548070            0.696758
C                5.829549           -1.959169           -0.412829
H                5.151018           -2.425693           -1.144903
H                6.399117           -2.772832            0.063833
H                6.550095           -1.326875           -0.956498
C                6.098988           -0.620999            1.685236
H                6.830774            0.046294            1.204875
H                6.648479           -1.454949            2.148360
H                5.600922           -0.052337            2.485311
C                5.096866           -1.169187            0.678713
C                4.330288           -0.035331            0.043612
C                3.242821           -0.349848           -0.967936
H                3.256223           -1.399484           -1.277081
C                1.884975            0.115258           -0.490187
C                0.698868           -0.731625           -0.607059
C                0.732698           -2.049431           -1.107198
H                1.669321           -2.508430           -1.433941
C               -0.435657           -2.790577           -1.200758
H               -0.406082           -3.809704           -1.592546
C               -0.528320           -0.188160           -0.200999
H               -0.579962            0.828882            0.195899
O                4.541976            1.131311            0.350831
O                1.788685            1.253850           -0.011344
H                3.472156            0.260574           -1.867477
C               -5.698771            1.531063           -0.858812
H               -5.056412            2.212727           -0.280760
H               -6.450760            2.128451           -1.399243
H               -5.071586            1.030290           -1.617423
C               -7.251848           -0.435222           -0.811163
H               -6.641439           -0.973025           -1.557013
H               -8.008826            0.145974           -1.362481
H               -7.778437           -1.174752           -0.186184
C               -7.276189            1.219172            1.082296
H               -7.775112            0.491564            1.740873
H               -8.052269            1.819563            0.581586
H               -6.676329            1.891393            1.716001
C               -6.408319            0.525611            0.044021
C               -5.407601           -0.353000            0.729679
C               -4.215083           -0.958705            0.071791
C               -2.959062           -0.261247            0.168196
C               -1.704197           -0.928680           -0.289956
C               -1.648656           -2.235825           -0.793085
H               -2.553388           -2.844098           -0.873627
O               -5.454141           -0.751933            1.873075
O               -2.924753            0.882126            0.621590
H               -4.293366           -2.014835           -0.206505
Zn               3.265882            2.704119           -0.357890