50
 
C                5.426635            1.209925           -1.781344
H                5.186784            0.525290           -2.611105
H                6.400299            1.674646           -2.004663
H                4.676545            2.015742           -1.769990
C                5.805202            1.455077            0.694154
H                5.044767            2.248820            0.761210
H                6.778413            1.940975            0.517883
H                5.859896            0.943956            1.669262
C                6.675241           -0.541547           -0.521635
H                6.805740           -1.090551            0.422891
H                7.611678           -0.002321           -0.731171
H                6.523157           -1.278225           -1.325446
C                5.530080            0.463548           -0.445664
C                4.214112           -0.240206           -0.152261
C                3.020903            0.502652           -0.113620
C                1.691906            0.119801            0.165014
C                0.610701            1.110552            0.205014
C                0.857320            2.493560            0.272502
H                1.878640            2.879545            0.311289
C               -0.197810            3.394184            0.330192
H                0.006006            4.465694            0.392990
C               -0.720353            0.657906            0.202512
H               -0.905968           -0.417116            0.156436
O                4.316545           -1.521965            0.062817
O                1.302840           -1.110694            0.399098
H                3.153298            1.559154           -0.343493
C               -5.899565            0.273457           -1.661010
H               -6.050280            1.280984           -1.243396
H               -6.666193            0.104796           -2.435326
H               -4.921190            0.257316           -2.171295
C               -5.764877           -2.186035           -1.195510
H               -4.769896           -2.263304           -1.667045
H               -6.513457           -2.387109           -1.979934
H               -5.851824           -2.980781           -0.435930
C               -7.416811           -0.768295            0.029162
H               -7.532460           -1.540512            0.804198
H               -8.177500           -0.936894           -0.750263
H               -7.616021            0.206170            0.502543
C               -6.024117           -0.802596           -0.583966
C               -4.989228           -0.619082            0.518153
C               -3.537924           -0.337006            0.131724
H               -3.276246           -0.666009           -0.890948
C               -3.223128            1.134842            0.252256
C               -1.779979            1.557995            0.254471
C               -1.509221            2.931444            0.318212
H               -2.359066            3.618637            0.364239
O               -5.246989           -0.730686            1.689977
O               -4.091686            1.970529            0.332625
H               -2.906814           -0.906633            0.834663
Zn               2.692050           -2.299026            0.407871