50
 
C               -5.431487           -0.216647            1.262877
H               -5.705986           -0.916278            0.459110
H               -6.197928           -0.266605            2.052827
H               -4.481026           -0.561064            1.708552
C               -4.900461            2.150952            1.896583
H               -3.937442            1.847180            2.342411
H               -5.660476            2.108738            2.693429
H               -4.819355            3.195940            1.556076
C               -6.635469            1.691546            0.132453
H               -6.549544            2.720365           -0.250051
H               -7.435765            1.671158            0.888843
H               -6.936424            1.042301           -0.704781
C               -5.329331            1.216813            0.750555
C               -4.228355            1.333050           -0.252233
C               -2.899521            0.665166           -0.184268
H               -2.052905            1.289486            0.118682
C               -2.763656           -0.619520           -0.824791
C               -1.419355           -1.236784           -0.856433
C               -1.359988           -2.601027           -1.217392
H               -2.299976           -3.097577           -1.473109
C               -0.154385           -3.263958           -1.275930
H               -0.114140           -4.307497           -1.598886
C               -0.225840           -0.549881           -0.567365
H               -0.243438            0.504208           -0.277094
O               -4.197474            2.030328           -1.243343
O               -3.755264           -1.196001           -1.268145
C                5.312627            2.900289           -1.007704
H                6.144556            2.399091           -0.491369
H                5.599478            3.948819           -1.185612
H                5.168106            2.418829           -1.989032
C                2.922055            3.619122           -0.904390
H                2.731845            3.208339           -1.909627
H                3.228134            4.668253           -1.037714
H                1.976323            3.626259           -0.337409
C                4.275122            3.519231            1.193774
H                3.371175            3.492022            1.824729
H                4.549878            4.575236            1.044045
H                5.094258            3.025720            1.736855
C                4.024875            2.866338           -0.171906
C                3.676650            1.419620            0.061085
C                2.506407            0.807376           -0.386023
H                1.793784            1.386402           -0.972668
C                2.251899           -0.559435           -0.163830
C                0.998028           -1.199796           -0.619951
C                1.042503           -2.586481           -0.955708
H                1.995094           -3.013147           -1.300768
O                4.583172            0.755826            0.720135
O                3.072695           -1.319244            0.456761
H                4.298307           -0.188251            0.810998
Zn               2.096151           -3.102701            1.050396