50
 
C                6.452712           -1.541066            1.424575
H                7.253716           -0.787292            1.433356
H                6.916508           -2.538352            1.495857
H                5.828307           -1.390914            2.321309
C                4.548198           -2.538355            0.161108
H                3.886784           -2.452562            1.039632
H                5.033784           -3.526050            0.211785
H                3.929743           -2.522628           -0.752128
C                6.518915           -1.646446           -1.079066
H                5.943066           -1.573934           -2.017012
H                6.983832           -2.645042           -1.041400
H                7.320862           -0.894275           -1.109153
C                5.615384           -1.452320            0.143763
C                5.023638           -0.063635            0.070339
C                3.671586            0.218648            0.028624
H                2.961125           -0.604830            0.049704
C                3.225602            1.578802           -0.038422
C                1.757089            1.893458           -0.083879
C                1.392229            3.245432           -0.132547
H                2.195563            3.987382           -0.135539
C                0.053184            3.621466           -0.178933
H               -0.218226            4.678734           -0.225998
C                0.756971            0.926716           -0.082591
H                1.011360           -0.133584           -0.047507
O                5.922346            0.885654            0.049404
O                4.012395            2.538201           -0.061140
H                5.435848            1.760513            0.002150
C               -5.549579            1.780549            0.399467
H               -5.000032            2.122179            1.291998
H               -6.594698            2.104312            0.522803
H               -5.154434            2.302102           -0.487836
C               -6.335434           -0.131355           -0.994459
H               -5.910599            0.305879           -1.913507
H               -7.362851            0.250714           -0.887018
H               -6.389368           -1.223026           -1.115753
C               -6.122101           -0.383949            1.496175
H               -6.171411           -1.478812            1.405285
H               -7.147109           -0.007524            1.640457
H               -5.542510           -0.129669            2.399336
C               -5.518919            0.265159            0.243127
C               -4.119610           -0.296444            0.064876
C               -2.987208            0.527058            0.050008
H               -3.204339            1.581724            0.196026
C               -1.610435            0.227381           -0.111454
C               -0.602487            1.288897           -0.118738
C               -0.941175            2.655079           -0.169788
H               -1.983253            2.977128           -0.224102
O               -4.118445           -1.601012           -0.067640
O               -1.127717           -0.981397           -0.256126
Zn              -2.430055           -2.264807           -0.264061