50
 
C                6.156910            0.061038           -0.424166
H                6.236359           -0.994673           -0.721812
H                7.143656            0.388059           -0.060143
H                5.913392            0.662213           -1.316129
C                5.109376            1.727632            1.105590
H                4.880762            2.402782            0.264580
H                6.111704            1.998698            1.471936
H                4.402629            1.925692            1.928145
C                5.475001           -0.607561            1.899654
H                4.732374           -0.495771            2.707313
H                6.451722           -0.290250            2.297786
H                5.546064           -1.671675            1.631151
C                5.117749            0.262589            0.687208
C                3.781462           -0.221935            0.153292
C                2.663550            0.619011            0.078556
H                2.827770            1.621010            0.467531
C                1.348092            0.375213           -0.388602
C                0.315626            1.413773           -0.325715
C                0.600040            2.762562           -0.045653
H                1.629331            3.105297            0.085016
C               -0.428737            3.690622            0.047441
H               -0.198137            4.737361            0.259088
C               -1.019039            1.024948           -0.535313
H               -1.241974           -0.027733           -0.724528
O                3.813667           -1.482215           -0.203393
O                0.933978           -0.760585           -0.881815
C               -5.641288           -0.106819            1.346365
H               -4.961057            0.380694            2.065640
H               -6.540113           -0.420614            1.902038
H               -5.951405            0.651896            0.610821
C               -5.961039           -1.981173           -0.291989
H               -6.320884           -1.275968           -1.058097
H               -6.847028           -2.347715            0.251873
H               -5.502309           -2.845671           -0.800551
C               -4.620743           -2.350032            1.779335
H               -4.160585           -3.249837            1.342640
H               -5.523560           -2.656958            2.331118
H               -3.904360           -1.926920            2.501151
C               -4.991855           -1.335903            0.706240
C               -3.736016           -0.915577           -0.044080
C               -3.862365            0.197663           -1.088029
H               -4.891883            0.275893           -1.462785
C               -3.497526            1.587389           -0.588328
C               -2.051823            1.950701           -0.422124
C               -1.749051            3.286417           -0.123189
H               -2.577708            3.994650           -0.032299
O               -2.660280           -1.440127            0.145888
O               -4.356351            2.403317           -0.350827
H               -3.201193           -0.078219           -1.925399
Zn               2.201613           -2.075624           -0.828462