50
 
C               -6.664446            0.135629           -0.964507
H               -7.372141            0.275837           -0.131456
H               -7.247828           -0.059338           -1.878868
H               -6.110535            1.077320           -1.121312
C               -4.760802           -1.213767           -1.884414
H               -4.184859           -0.289308           -2.068509
H               -5.335512           -1.426936           -2.800029
H               -4.047242           -2.034596           -1.716177
C               -6.521892           -2.325912           -0.458973
H               -5.855918           -3.178377           -0.251773
H               -7.127254           -2.569345           -1.346290
H               -7.201379           -2.210949            0.399670
C               -5.724171           -1.056052           -0.711029
C               -4.968541           -0.684611            0.522188
C               -3.851322            0.295180            0.604335
H               -4.097348            1.289256            0.992305
C               -2.505082           -0.212117            0.507983
C               -1.387973            0.730743            0.738928
C               -1.528112            2.048388            1.217131
H               -2.511558            2.446029            1.479208
C               -0.419566            2.851758            1.408732
H               -0.535371            3.852334            1.832152
C               -0.098274            0.240943            0.452136
H               -0.023534           -0.781499            0.068148
O               -5.167908           -1.056898            1.658229
O               -2.309237           -1.389371            0.204314
C                5.796219           -2.580532            0.900720
H                6.577234           -1.961723            0.434944
H                6.183698           -3.606753            1.000382
H                5.600970           -2.193973            1.914688
C                3.487305           -3.519193            0.713575
H                3.241890           -3.198755            1.739468
H                3.900649           -4.537260            0.783063
H                2.554775           -3.587215            0.129520
C                4.833792           -3.124368           -1.354531
H                3.933665           -3.136766           -1.991257
H                5.210000           -4.157084           -1.283040
H                5.602945           -2.511891           -1.847610
C                4.515049           -2.608047            0.055515
C                4.024517           -1.190905           -0.077915
C                2.771650           -0.745902            0.346920
H                2.095937           -1.443253            0.841013
C                2.369518            0.591706            0.189256
C                1.019354            1.037460            0.615146
C                0.863311            2.375116            1.089467
H                1.740619            2.906097            1.482973
O                4.878989           -0.381959           -0.634931
O                3.122288            1.483876           -0.331072
H                4.491088            0.528559           -0.677304
Zn               1.960692            3.166376           -0.887341