50
 
C                2.319387           -3.409652            1.161417
H                3.346152           -3.593126            1.516887
H                1.833128           -4.389113            1.024826
H                1.764127           -2.874649            1.949405
C                0.881018           -2.453872           -0.670433
H                0.215290           -2.075678            0.123203
H                0.467290           -3.422154           -0.993617
H                0.831624           -1.771621           -1.537307
C                3.108710           -3.464380           -1.216543
H                3.131284           -2.952787           -2.191754
H                2.639352           -4.450057           -1.357672
H                4.148740           -3.623117           -0.896258
C                2.318629           -2.667987           -0.185853
C                2.991652           -1.340011            0.063545
C                2.279588           -0.281023            0.886508
H                2.926348           -0.097688            1.770220
C                2.201761            1.048339            0.166085
C                0.931612            1.756609            0.018570
C                0.977843            3.106124           -0.384845
H                1.951046            3.567361           -0.569114
C               -0.193567            3.836354           -0.525115
H               -0.151416            4.888133           -0.817389
C               -0.313981            1.146871            0.237553
H               -0.373239            0.103377            0.558339
O                4.120606           -1.111292           -0.354294
O                3.243161            1.544639           -0.280654
H                1.312932           -0.622016            1.270075
C               -5.785151            0.432004           -1.120854
H               -5.908938            1.326616           -0.492293
H               -6.682925            0.314155           -1.748776
H               -4.932221            0.606932           -1.801011
C               -5.394823           -2.040961           -1.202672
H               -4.529667           -1.915205           -1.876695
H               -6.290845           -2.158857           -1.833405
H               -5.258981           -2.967199           -0.621210
C               -6.757906           -1.056155            0.665975
H               -6.604063           -1.955528            1.281823
H               -7.686374           -1.187758            0.088005
H               -6.894051           -0.198906            1.344308
C               -5.588614           -0.823757           -0.279771
C               -4.311707           -0.759195            0.503327
C               -3.052381           -0.110421            0.044325
H               -2.243238           -0.772161           -0.285181
C               -2.843923            1.287739            0.323093
C               -1.492409            1.869893            0.068755
C               -1.421320            3.225199           -0.288904
H               -2.357725            3.784523           -0.375320
O               -4.099573           -1.290779            1.573524
O               -3.767332            1.995733            0.718762
Zn               5.141499            0.717327            0.120874