50
 
C               -6.974826            1.032065            1.290775
H               -6.803877            0.493658            2.237809
H               -7.995891            1.447389            1.322249
H               -6.274693            1.882325            1.249325
C               -7.042989            0.880523           -1.213293
H               -6.349458            1.731528           -1.310200
H               -8.067584            1.287253           -1.241452
H               -6.916540            0.233262           -2.097068
C               -7.880195           -1.012401            0.181367
H               -7.803953           -1.709768           -0.667064
H               -8.891952           -0.575771            0.181737
H               -7.756510           -1.602200            1.102551
C               -6.840495            0.095725            0.086088
C               -5.444014           -0.510355            0.088926
C               -4.289670            0.369629           -0.008141
H               -4.434612            1.447285           -0.082626
C               -3.025729           -0.156864           -0.003991
C               -1.790919            0.653581           -0.098856
C               -1.806674            2.049675           -0.218932
H               -2.756563            2.588853           -0.248185
C               -0.619042            2.770115           -0.307309
H               -0.650042            3.857282           -0.409546
C               -0.558893            0.001218           -0.070116
H               -0.545770           -1.085240            0.021951
O               -5.289385           -1.734580            0.175185
O               -2.803076           -1.451423            0.086853
H               -3.714292           -1.883383            0.144180
C                6.566888            0.773500           -1.029295
H                6.897204           -0.274067           -1.082500
H                7.462688            1.409973           -0.954798
H                6.051881            1.029783           -1.970241
C                5.307946            2.505510            0.247988
H                4.794926            2.849923           -0.665041
H                6.234690            3.093359            0.336788
H                4.686163            2.751679            1.124413
C                6.407332            0.633625            1.473996
H                5.774856            0.786223            2.364509
H                7.300005            1.269097            1.585670
H                6.737143           -0.415247            1.451254
C                5.667137            1.025969            0.188053
C                4.459218            0.114884            0.060419
C                3.152668            0.618068            0.013475
H                3.087383            1.700024            0.093597
C                1.903644           -0.040752           -0.106153
C                0.647570            0.715230           -0.148139
C                0.604208            2.116166           -0.270307
H                1.517667            2.708293           -0.357518
O                4.792566           -1.151268            0.005388
O                1.753717           -1.336967           -0.179142
Zn               3.337586           -2.247943           -0.125846