50
 
C               -5.800439           -2.039262           -0.114569
H               -6.557906           -1.443327           -0.649050
H               -6.332213           -2.834365            0.432024
H               -5.155657           -2.534138           -0.858467
C               -3.946577           -2.031423            1.593571
H               -3.272236           -2.544021            0.888035
H               -4.442278           -2.812285            2.192338
H               -3.336784           -1.424397            2.284384
C               -5.976605           -0.600339            1.925598
H               -5.445122            0.013426            2.668864
H               -6.489154           -1.416273            2.458019
H               -6.741954            0.033673            1.452610
C               -5.021497           -1.186715            0.895176
C               -4.308933           -0.077285            0.161317
C               -3.270523           -0.428798           -0.888318
H               -3.560486            0.125069           -1.807050
C               -1.898284            0.088623           -0.517900
C               -0.700081           -0.733620           -0.680371
C               -0.735357           -2.089858           -1.064613
H               -1.682732           -2.603380           -1.247559
C                0.444410           -2.801235           -1.222617
H                0.413492           -3.850187           -1.525472
C                0.540696           -0.121733           -0.452969
H                0.594113            0.928751           -0.155461
O               -4.527244            1.100875            0.415437
O               -1.800252            1.251434           -0.101548
H               -3.277090           -1.493749           -1.139974
C                5.357644            0.633121            2.009102
H                4.785727            1.553576            1.816078
H                5.949575            0.771296            2.928306
H                4.638717           -0.182589            2.202205
C                7.024734           -1.023658            1.139374
H                6.321507           -1.859531            1.297238
H                7.618019           -0.913429            2.061661
H                7.712999           -1.290988            0.321055
C                7.296058            1.417649            0.601622
H                7.959762            1.181537           -0.244454
H                7.919690            1.570302            1.496755
H                6.783429            2.365515            0.373467
C                6.295782            0.300012            0.852081
C                5.509793            0.038763           -0.395851
C                4.260008           -0.771134           -0.461096
H                4.357870           -1.790558           -0.848544
C                2.998201           -0.084862           -0.362931
C                1.728576           -0.830115           -0.613713
C                1.671484           -2.176098           -1.000599
H                2.586415           -2.757881           -1.140285
O                5.801307            0.377688           -1.522255
O                2.968863            1.108813           -0.065727
Zn              -3.323455            2.653509           -0.449258