50
 
C               -4.257122            3.086269            1.204732
H               -5.288617            2.716349            1.298071
H               -4.290987            4.186750            1.175899
H               -3.692633            2.793230            2.105686
C               -2.186966            3.181404           -0.183510
H               -1.555244            2.951668            0.690057
H               -2.282291            4.277207           -0.230624
H               -1.660200            2.865427           -1.098720
C               -4.407026            2.972745           -1.301148
H               -3.950701            2.598840           -2.232889
H               -4.445362            4.071486           -1.366546
H               -5.439442            2.598911           -1.238457
C               -3.579071            2.571483           -0.072565
C               -3.570874            1.055627           -0.003467
C               -2.377653            0.319894           -0.032852
H               -1.482020            0.929822           -0.113817
C               -2.138249           -1.073390            0.017710
C               -0.770456           -1.606395           -0.029237
C               -0.582522           -3.002921           -0.058256
H               -1.453568           -3.660573           -0.041842
C                0.694390           -3.539467           -0.112531
H                0.829288           -4.623330           -0.136882
C                1.806745           -2.698361           -0.141005
H                0.297503            0.314774           -0.013296
O               -4.775784            0.549250            0.083322
O               -3.069687           -1.988508            0.102171
C                5.319269            1.204946            1.635525
H                4.523572            1.937387            1.426168
H                6.015205            1.652063            2.364608
H                4.859264            0.330901            2.127384
C                7.135022           -0.238266            0.679129
H                6.695609           -1.152577            1.112961
H                7.855555            0.156745            1.414551
H                7.699646           -0.521735           -0.224566
C                6.768587            2.067565           -0.208529
H                7.323859            1.826130           -1.127261
H                7.474681            2.485550            0.527233
H                6.032497            2.846045           -0.464359
C                6.085161            0.834891            0.365437
C                5.146491            0.252252           -0.681617
C                4.184583           -0.862674           -0.270492
H                4.464512           -1.374784            0.668565
C                2.782891           -0.329123           -0.120949
C                1.643000           -1.310060           -0.105750
C                0.357506           -0.776279           -0.047221
H                2.807946           -3.136112           -0.187967
O                5.138014            0.604579           -1.833710
O                2.553063            0.853065           -0.006197
H                4.205675           -1.620041           -1.072759
Zn              -4.754361           -1.275269            0.155790