50
 
C               -1.873356            1.962797            1.905781
H               -2.323636            1.161986            2.516891
H               -1.649701            2.803749            2.581537
H               -0.909730            1.602821            1.509935
C               -2.147261            3.497782           -0.075197
H               -1.206191            3.141124           -0.523926
H               -1.897096            4.373531            0.544580
H               -2.812297            3.844040           -0.882921
C               -4.085647            3.045629            1.442352
H               -4.803637            3.380967            0.678529
H               -3.808822            3.915490            2.057502
H               -4.598865            2.317933            2.089407
C               -2.833738            2.451015            0.811893
C               -3.200210            1.255241           -0.031505
C               -2.100351            0.469514           -0.727393
H               -1.132910            0.974726           -0.655369
C               -2.065506           -0.966045           -0.246823
C               -0.831134           -1.582886            0.235093
C               -0.911946           -2.879193            0.778581
H               -1.886200           -3.370999            0.825210
C                0.227499           -3.509103            1.257786
H                0.156304           -4.510068            1.689958
C                0.421938           -0.947508            0.160229
H                0.507062            0.056636           -0.262441
O               -4.362266            0.885862           -0.149035
O               -3.119184           -1.615567           -0.261857
H               -2.379367            0.433133           -1.800748
C                5.963429           -0.823476           -0.911308
H                6.092334           -1.302644            0.070865
H                6.874045           -0.992409           -1.508357
H                5.132080           -1.330331           -1.432588
C                5.507858            1.291334           -2.174182
H                4.662402            0.824881           -2.708961
H                6.413242            1.124056           -2.779929
H                5.333194            2.377912           -2.113219
C                6.867022            1.370563           -0.060786
H                6.683987            2.451349            0.041074
H                7.801739            1.231039           -0.626668
H                7.011626            0.955011            0.949016
C                5.719782            0.676523           -0.779078
C                4.434849            0.947455           -0.057742
C                3.171228            0.178427           -0.237400
H                2.400682            0.639066           -0.863881
C                2.917790           -0.943520            0.631139
C                1.568208           -1.584549            0.633037
C                1.458262           -2.862246            1.198210
H                2.366020           -3.327399            1.592787
O                4.213606            1.866452            0.702526
O                3.815209           -1.385585            1.344775
Zn              -4.855249           -0.902380           -1.219857