50
 
C                2.691225           -2.275079            0.128121
H                2.301682           -1.866993            1.095396
H                2.655982           -3.370215            0.259906
H                2.017504           -2.106186           -0.754239
C                4.524748           -2.144733           -1.580487
H                3.885328           -1.660422           -2.337516
H                4.462075           -3.235786           -1.728540
H                5.564742           -1.841538           -1.777940
C                5.064004           -2.445496            0.848471
H                6.092759           -2.084535            0.707582
H                5.056429           -3.538621            0.710933
H                4.782635           -2.217042            1.888674
C                4.129157           -1.775450           -0.149863
C                4.215988           -0.247012            0.012370
C                3.171477            0.530944           -0.603477
H                2.553698            0.111659           -1.401622
C                2.808271            1.748774           -0.056380
C                1.409415            2.210061           -0.158938
C                0.983425            3.542697           -0.211915
H                1.714970            4.355577           -0.245876
C               -0.385647            3.820931           -0.235644
H               -0.718652            4.860280           -0.292064
C                0.448471            1.205075           -0.079129
O                5.063131            0.267095            0.738885
O                3.595134            2.437825            0.725484
H                4.443441            1.925028            0.826259
C               -6.059507           -1.270980            1.344088
H               -5.747209           -2.322242            1.429384
H               -7.160409           -1.237243            1.355937
H               -5.695849           -0.724550            2.230076
C               -6.054513            0.801996           -0.049836
H               -5.732729            1.414336            0.808615
H               -7.155493            0.797923           -0.049957
H               -5.732181            1.296358           -0.981066
C               -6.055662           -1.434644           -1.161734
H               -5.687344           -1.009343           -2.110057
H               -7.156444           -1.400660           -1.182483
H               -5.745852           -2.488648           -1.107503
C               -5.550233           -0.632011            0.044942
C               -4.046117           -0.714929            0.052169
C               -3.195155            0.385460           -0.024270
H               -3.635018            1.378129           -0.094658
C               -1.793601            0.263669           -0.014230
C               -0.916786            1.467227           -0.101357
C               -1.339425            2.802836           -0.184858
H               -2.400005            3.070058           -0.197076
O               -3.582472           -1.930282            0.137779
O               -1.235288           -0.897868            0.067195
H               -2.592805           -1.889188            0.136123
Zn               0.820250           -0.675544            0.084957