50
 
C               -6.141984           -0.217500            1.654608
H               -6.279224           -1.299197            1.511528
H               -7.127129            0.225233            1.870316
H               -5.502381           -0.055436            2.538302
C               -5.460491            1.955455            0.639036
H               -4.845077            2.207945            1.518144
H               -6.471089            2.347517            0.831882
H               -5.070152            2.493707           -0.240405
C               -6.454217            0.182891           -0.806429
H               -6.042454            0.636814           -1.723292
H               -7.443467            0.632478           -0.626789
H               -6.595921           -0.893896           -0.979008
C               -5.552165            0.452372            0.405970
C               -4.209839           -0.199461            0.128331
C               -3.019562            0.540603            0.093787
H               -3.147122            1.599936            0.300857
C               -1.682218            0.146577           -0.154207
C               -0.598224            1.133267           -0.183402
C               -0.837916            2.519092           -0.227456
H               -1.856461            2.912844           -0.252514
C                0.221523            3.414937           -0.274469
H                0.022881            4.488337           -0.318125
C                0.731466            0.674569           -0.191303
H                0.912160           -0.401821           -0.161909
O               -4.309703           -1.490475           -0.067317
O               -1.295961           -1.085670           -0.366686
C                5.913259            0.236724            1.653971
H                6.067791            1.249572            1.250825
H                6.680919            0.053104            2.423827
H                4.936074            0.217661            2.166447
C                5.764468           -2.214918            1.152078
H                4.769959           -2.293897            1.624328
H                6.513383           -2.431732            1.931971
H                5.845735           -2.998652            0.380528
C                7.421882           -0.787908           -0.054302
H                7.532309           -1.549270           -0.840752
H                8.182936           -0.972010            0.721239
H                7.625546            0.192364           -0.513571
C                6.030114           -0.823894            0.560825
C                4.994181           -0.617841           -0.536140
C                3.544906           -0.334741           -0.142202
H                3.284141           -0.676969            0.876374
C                3.236465            1.139966           -0.241020
C                1.795128            1.569782           -0.232936
C                1.530645            2.945530           -0.274748
H                2.383775            3.629203           -0.312758
O                5.248815           -0.711687           -1.710162
O                4.108128            1.973216           -0.311488
H                2.909659           -0.891634           -0.851609
Zn              -2.688718           -2.273276           -0.376685