50
 
C                5.485262           -1.586778            1.727279
H                5.431180           -0.818075            2.515490
H                6.405565           -2.169814            1.893876
H                4.634166           -2.274697            1.853629
C                5.579766           -2.046052           -0.745621
H                4.735505           -2.750000           -0.672530
H                6.504324           -2.634748           -0.631712
H                5.584353           -1.615393           -1.760457
C                6.798883           -0.091599            0.220046
H                6.871446            0.396245           -0.764417
H                7.691090           -0.722564            0.354207
H                6.818299            0.696442            0.987583
C                5.548191           -0.954060            0.328949
C                4.304913           -0.097186            0.157327
C                3.020924           -0.766897            0.116967
H                2.999093           -1.818534            0.407561
C                1.831201           -0.238624           -0.275489
C                0.579701           -1.000624           -0.347346
C                0.578341           -2.367847           -0.678190
H                1.516400           -2.870641           -0.930188
C               -0.616495           -3.071670           -0.720507
H               -0.613810           -4.131450           -0.985700
C               -0.634771           -0.364901           -0.076789
H               -0.698148            0.689372            0.218675
O                4.438012            1.139016            0.086714
O                1.738479            1.068255           -0.624567
H                0.870252            1.257726           -1.019111
C               -5.748395            1.375662           -1.172021
H               -5.090824            2.129546           -0.712585
H               -6.476267            1.890691           -1.819621
H               -5.130775            0.731179           -1.822190
C               -7.350637           -0.515700           -0.802652
H               -6.740904           -1.193769           -1.424338
H               -8.082114           -0.027832           -1.467217
H               -7.907743           -1.117290           -0.066113
C               -7.365474            1.454660            0.759841
H               -7.891281            0.869661            1.530131
H               -8.119560            1.968970            0.143180
H               -6.760221            2.219053            1.272370
C               -6.498276            0.565574           -0.117347
C               -5.529154           -0.192868            0.736279
C               -4.352216           -0.948403            0.220897
H               -4.458890           -2.036005            0.149956
C               -3.074331           -0.287604            0.199064
C               -1.840500           -1.068231           -0.116328
C               -1.822182           -2.429425           -0.437588
H               -2.748651           -3.008126           -0.478763
O               -5.592426           -0.360085            1.934862
O               -2.999154            0.918825            0.437824
Zn               3.220324            2.733580           -0.177033