50
 
C                1.618074            2.605802           -0.802207
H                1.529242            1.945351           -1.681571
H                1.408865            3.631889           -1.143939
H                0.824626            2.347051           -0.083072
C                3.070127            3.363146            1.114590
H                2.339494            3.004343            1.856609
H                2.819507            4.414157            0.900100
H                4.074085            3.349295            1.569747
C                4.028210            3.170924           -1.193702
H                5.058480            3.135994           -0.807568
H                3.769948            4.224087           -1.381778
H                4.009998            2.637753           -2.156505
C                3.034553            2.577590           -0.203711
C                3.390206            1.140983            0.080205
C                2.583880            0.365795            1.108624
H                1.689236            0.917200            1.412747
C                2.296014           -1.050992            0.674793
C                0.944317           -1.472570            0.344965
C                0.719182           -2.814142           -0.036004
H                1.559264           -3.512581           -0.050583
C               -0.555908           -3.226651           -0.379337
H               -0.735311           -4.264056           -0.671033
C               -0.133349           -0.579029            0.367342
H               -0.029792            0.472174            0.643560
O                4.332406            0.595475           -0.491438
O                3.247291           -1.849278            0.581987
H                3.237643            0.302019            2.000309
C               -6.388834           -0.109671           -1.664483
H               -6.083909            0.777105           -2.244394
H               -7.416763           -0.367391           -1.968852
H               -5.743291           -0.952633           -1.963230
C               -6.715035           -1.094888            0.624879
H               -6.058157           -1.950901            0.396003
H               -7.743079           -1.401403            0.366604
H               -6.682697           -0.915689            1.712221
C               -7.332925            1.284133            0.176578
H               -7.333460            1.506103            1.254506
H               -8.351826            0.988928           -0.121616
H               -7.075141            2.216336           -0.349591
C               -6.354817            0.168960           -0.161008
C               -4.944240            0.599799            0.279849
C               -3.843780           -0.299811           -0.080633
H               -4.087759           -1.291741           -0.468312
C               -2.466716            0.103189            0.028097
C               -1.416031           -0.983580            0.008298
C               -1.620759           -2.319165           -0.354158
H               -2.616011           -2.675154           -0.633444
O               -4.747328            1.635528            0.884252
O               -2.100374            1.260593            0.190419
Zn               5.076928           -1.341857           -0.176885