50
 
C               -5.132008            2.708248           -0.615865
H               -5.049803            3.421475            0.220216
H               -5.951730            3.042672           -1.272049
H               -4.200341            2.744666           -1.206724
C               -5.552689            0.332712           -1.299949
H               -4.632685            0.333734           -1.911691
H               -6.377844            0.656847           -1.954157
H               -5.745960           -0.700140           -0.973229
C               -6.708953            1.283094            0.731777
H               -6.926205            0.273192            1.113941
H               -7.566234            1.613156            0.124202
H               -6.617624            1.960208            1.595081
C               -5.445023            1.286752           -0.114445
C               -4.270542            0.928963            0.736711
C               -2.940816            0.466251            0.251582
H               -2.127856            1.199249            0.269555
C               -2.739113           -0.952270            0.105898
C               -1.395974           -1.415492           -0.305198
C               -1.308856           -2.737151           -0.795226
H               -2.237241           -3.309666           -0.874256
C               -0.096516           -3.273036           -1.167496
H               -0.044437           -4.278598           -1.593031
C               -0.225820           -0.641034           -0.200579
H               -0.262044            0.366913            0.222485
O               -4.175073            1.013052            1.942167
O               -3.678596           -1.732732            0.252439
C                4.871134            3.374421           -1.114998
H                5.815442            2.907180           -0.799297
H                5.032910            4.461518           -1.188114
H                4.615663            3.002579           -2.121075
C                2.473895            3.813168           -0.565607
H                2.158838            3.502505           -1.575549
H                2.663959            4.896905           -0.605556
H                1.636530            3.656434            0.134604
C                4.146722            3.606194            1.278392
H                3.360831            3.404757            2.025182
H                4.299958            4.696077            1.235663
H                5.082199            3.141686            1.622855
C                3.741238            3.100368           -0.112619
C                3.560748            1.607504           -0.025065
C                2.380935            0.934874           -0.340178
H                1.528176            1.502553           -0.710682
C                2.276875           -0.466523           -0.247962
C                1.008988           -1.172259           -0.542650
C                1.087003           -2.515987           -1.020229
H                1.977310           -2.819007           -1.590034
O                4.623235            0.968419            0.373892
O                3.256387           -1.203636            0.115649
H                4.435494           -0.003786            0.389294
Zn               2.551257           -3.121558            0.671047