50
 
C                6.335380           -0.472231            1.640477
H                6.156972            0.331835            2.373945
H                7.367085           -0.833513            1.787620
H                5.660171           -1.310187            1.881386
C                6.390942           -1.104730           -0.788313
H                5.729093           -1.968231           -0.607893
H                7.428303           -1.470436           -0.706968
H                6.239056           -0.766529           -1.827206
C                7.174023            1.147761           -0.061032
H                7.072021            1.542800           -1.083592
H                8.200309            0.766000            0.064195
H                7.030055            1.992811            0.629628
C                6.168261            0.037428            0.206537
C                4.752335            0.595354            0.035737
C                3.635115           -0.357872            0.245240
H                3.862862           -1.395744            0.508391
C                2.318388           -0.046493            0.137651
C                1.259802           -1.094430            0.228750
C                1.282393           -2.340263           -0.417103
H                2.229472           -2.736895           -0.796446
C                0.089184           -3.014045           -0.677215
H                0.123258           -3.971150           -1.204478
C                0.018272           -0.658373            0.703911
H               -0.007713            0.170044            1.433762
O                4.546999            1.751241           -0.264332
O                1.839875            1.176894           -0.107164
C               -6.836672            0.367521           -1.111354
H               -6.732988            1.430718           -1.372491
H               -7.909967            0.141202           -1.014798
H               -6.438286           -0.239600           -1.940868
C               -6.365851           -1.430910            0.562523
H               -5.987354           -2.108929           -0.220081
H               -7.447376           -1.614407            0.653059
H               -5.910680           -1.708488            1.527400
C               -6.699164            0.924735            1.336096
H               -6.200253            0.724914            2.298676
H               -7.771067            0.705248            1.461152
H               -6.592580            1.993513            1.099137
C               -6.138524            0.034673            0.215447
C               -4.681355            0.369660            0.065251
C               -3.635652           -0.544284            0.264803
H               -3.871428           -1.565420            0.564433
C               -2.292939           -0.206671            0.116085
C               -1.191983           -1.189836            0.228653
C               -1.156543           -2.412757           -0.438812
H               -2.067139           -2.849326           -0.859948
O               -4.445237            1.603658           -0.262165
O               -1.916574            1.007105           -0.201582
H               -3.471896            1.755029           -0.326870
Zn               0.018569            1.234938           -0.419973