50
 
C                5.891760            1.548916           -0.106012
H                6.560255            0.836854           -0.616687
H                6.527065            2.253258            0.454327
H                5.355693            2.135399           -0.869350
C                4.014853            1.847196            1.550361
H                3.452395            2.460532            0.827631
H                4.613338            2.539467            2.163983
H                3.296161            1.349680            2.223740
C                5.779037            0.111786            1.940082
H                5.135866           -0.406288            2.667728
H                6.398744            0.838889            2.486997
H                6.447658           -0.637738            1.489914
C                4.958912            0.837557            0.882344
C                4.101398           -0.150429            0.129166
C                3.182459            0.357442           -0.972155
H                3.472742           -0.191189           -1.890781
C                1.738501           -0.000554           -0.698810
C                0.684144            1.019093           -0.705519
C                0.902374            2.357357           -1.074928
H                1.891699            2.705262           -1.382873
C               -0.151633            3.265367           -1.070699
H                0.022154            4.303535           -1.362727
C               -0.608964            0.611179           -0.337399
H               -0.745328           -0.434195           -0.050447
O                4.113965           -1.344262            0.396752
O                1.452322           -1.177840           -0.460781
H                3.333006            1.423205           -1.167299
C               -6.139587            0.216550           -1.048665
H               -6.211775            1.257100           -0.697554
H               -7.043448           -0.022245           -1.631985
H               -5.278448            0.146063           -1.736707
C               -5.877797           -2.197116           -0.427465
H               -5.006254           -2.305146           -1.095998
H               -6.776667           -2.446546           -1.014370
H               -5.789384           -2.930318            0.390669
C               -7.203735           -0.663700            1.060909
H               -7.105425           -1.363579            1.905052
H               -8.134087           -0.902563            0.521707
H               -7.297004            0.353134            1.473930
C               -6.017512           -0.763547            0.114438
C               -4.747701           -0.525394            0.870493
C               -3.425202           -0.219029            0.257814
C               -3.057034            1.167659            0.094808
C               -1.664500            1.516456           -0.320954
C               -1.421270            2.851371           -0.689040
H               -2.262875            3.549742           -0.662061
O               -4.585855           -0.616702            2.068771
O               -3.894426            2.048127            0.277860
H               -2.703131           -1.040655            0.207672
Zn               2.850933           -2.795840           -0.586265