50
 
C               -3.218104            3.014968            1.676493
H               -3.941826            2.581710            2.386260
H               -3.275816            4.111444            1.771248
H               -2.204731            2.713322            1.985357
C               -2.497649            3.202710           -0.728187
H               -1.468795            2.900642           -0.475350
H               -2.535414            4.303053           -0.681050
H               -2.697260            2.908987           -1.771825
C               -4.925022            3.166852           -0.138906
H               -5.206263            2.896500           -1.168404
H               -4.918885            4.265313           -0.064615
H               -5.706224            2.782867            0.534393
C               -3.549049            2.627117            0.228311
C               -3.539328            1.110616            0.132694
C               -2.285699            0.427312            0.379645
H               -1.461111            1.025275            0.771822
C               -1.990555           -0.876282            0.137866
C               -0.653569           -1.451602            0.327618
C               -0.511310           -2.770672            0.798935
H               -1.390053           -3.357787            1.087995
C                0.753195           -3.324952            0.949978
H                0.859803           -4.344086            1.328681
C                0.487307           -0.709828            0.017702
H                0.419438            0.308344           -0.377657
O               -4.601774            0.521398           -0.138795
O               -2.937397           -1.740494           -0.308923
H               -2.528915           -2.568765           -0.613071
C                5.320787            1.795360            0.946254
H                4.624162            2.384654            0.330522
H                5.953213            2.488467            1.524243
H                4.727358            1.210993            1.671356
C                7.123112            0.053885            0.992161
H                6.547545           -0.563557            1.703134
H                7.763802            0.726973            1.584752
H                7.778453           -0.606105            0.400717
C                7.036443            1.709337           -0.899126
H                7.664882            1.059079           -1.527132
H                7.695827            2.403856           -0.354812
H                6.390326            2.300361           -1.567300
C                6.210851            0.899486            0.087815
C                5.372083           -0.094565           -0.652949
C                4.260122           -0.885203           -0.054717
H                4.489086           -1.917002            0.231795
C                2.914058           -0.394043           -0.213658
C                1.761017           -1.264765            0.161405
C                1.885214           -2.579437            0.628507
H                2.867972           -3.042829            0.746282
O                5.508261           -0.451608           -1.803174
O                2.723757            0.740176           -0.651972
Zn              -5.190426           -1.382175           -0.496716