50
 
C               -6.336521            0.473968            1.639030
H               -6.158716           -0.329285            2.373533
H               -7.368327            0.835440            1.784988
H               -5.661473            1.312169            1.879534
C               -6.390115            1.104025           -0.790359
H               -5.728063            1.967462           -0.610370
H               -7.427396            1.470167           -0.709899
H               -6.237772            0.764789           -1.828846
C               -7.174058           -1.147673           -0.061465
H               -7.071230           -1.543854           -1.083492
H               -8.200393           -0.765619            0.062488
H               -7.030825           -1.991972            0.630270
C               -6.168336           -0.037212            0.205770
C               -4.752370           -0.595498            0.036417
C               -3.635140            0.357739            0.245641
H               -3.862770            1.395666            0.508661
C               -2.318419            0.046329            0.137909
C               -1.259845            1.094262            0.229089
C               -1.282373            2.340136           -0.416679
H               -2.229421            2.736766           -0.796106
C               -0.089141            3.013958           -0.676616
H               -0.123178            3.971111           -1.203794
C               -0.018347            0.658213            0.704372
H                0.007570           -0.170222            1.434203
O               -4.547030           -1.751713           -0.262420
O               -1.839895           -1.177030           -0.107123
C                6.834321           -0.363290           -1.114213
H                6.730740           -1.425853           -1.378003
H                7.907668           -0.136559           -1.019151
H                6.433901            0.245855           -1.941265
C                6.365793            1.430255            0.565532
H                5.986527            2.110180           -0.215037
H                7.447346            1.613821            0.655617
H                5.911307            1.705239            1.531477
C                6.701953           -0.927291            1.331965
H                6.204888           -0.730344            2.296087
H                7.773988           -0.707599            1.455468
H                6.595464           -1.995485            1.092387
C                6.138583           -0.034512            0.214946
C                4.681359           -0.369758            0.065792
C                3.635626            0.544154            0.265358
H                3.871390            1.565273            0.565045
C                2.292911            0.206513            0.116722
C                1.191953            1.189684            0.229227
C                1.156558            2.412665           -0.438142
H                2.067189            2.849263           -0.859175
O                4.445250           -1.603833           -0.261333
O                1.916531           -1.007329           -0.200724
H                3.471903           -1.755189           -0.326047
Zn              -0.018517           -1.235066           -0.419585