50
 
C               -3.762503            2.608116            0.164249
H               -3.018094            2.501224            0.971213
H               -4.213038            3.607572            0.268497
H               -3.240833            2.587025           -0.807329
C               -5.869081            1.770410           -0.881346
H               -5.389137            1.685394           -1.870557
H               -6.297855            2.781927           -0.798696
H               -6.692282            1.042543           -0.831836
C               -5.565174            1.658152            1.606722
H               -6.384624            0.929464            1.691990
H               -5.989547            2.668541            1.719842
H               -4.862922            1.490226            2.440310
C               -4.857066            1.552439            0.250492
C               -4.315564            0.150574            0.118976
C               -2.976163           -0.166096           -0.074038
H               -2.253302            0.643315           -0.150285
C               -2.582157           -1.529026           -0.203444
C               -1.130737           -1.867871           -0.437092
C               -0.842077           -3.207015           -0.778699
H               -1.684568           -3.896719           -0.875817
C                0.456045           -3.605164           -1.002741
H                0.674192           -4.621732           -1.341719
C               -0.098326           -0.939838           -0.290709
H               -0.318161            0.078019            0.040712
O               -5.223395           -0.779838            0.200056
O               -3.374327           -2.482884           -0.151672
H               -4.774721           -1.667914            0.091302
C                2.788194            3.617723           -1.707902
H                3.697096            3.345410           -2.269397
H                2.588737            4.685954           -1.896207
H                1.941094            3.051194           -2.129794
C                1.692478            3.760158            0.549294
H                0.801942            3.224998            0.177634
H                1.491622            4.837691            0.429793
H                1.789620            3.560272            1.629587
C                4.127223            4.245250            0.305189
H                4.295323            4.090430            1.382185
H                3.908278            5.311985            0.137930
H                5.067059            3.997734           -0.211317
C                2.973771            3.393367           -0.204327
C                3.309865            1.916619            0.020940
C                2.258213            0.936885           -0.348295
H                1.341154            1.297151           -0.821752
C                2.369693           -0.414934           -0.143957
C                1.233601           -1.311532           -0.477393
C                1.517769           -2.678511           -0.840220
H                2.448324           -2.867123           -1.411332
O                4.362368            1.552888            0.495848
O                3.455325           -1.006470            0.300997
Zn               2.898228           -2.732413            0.797300