50
 
C                1.950634           -2.447668            0.752319
H                1.309137           -1.798028            1.382801
H                1.922016           -3.446334            1.221130
H                1.486415           -2.609233           -0.248739
C                4.147248           -2.659124           -0.442465
H                3.642509           -2.603388           -1.421323
H                4.238632           -3.726846           -0.184693
H                5.167864           -2.260808           -0.561811
C                4.076747           -2.131372            2.004224
H                5.090650           -1.702928            1.998687
H                4.158428           -3.207821            2.223143
H                3.522953           -1.645084            2.820909
C                3.392157           -1.920138            0.658710
C                3.305631           -0.408952            0.382491
C                2.871073            0.040725           -0.988271
H                3.466950           -0.423492           -1.789688
C                2.917445            1.571111           -1.066610
C                1.718554            2.186045           -0.371012
C                1.770655            2.892892            0.831557
H                2.731734            3.264858            1.197366
C                0.611297            3.032430            1.599391
H                0.658002            3.581515            2.543354
C                0.481854            1.713271           -0.800037
H                0.384693            1.331568           -1.830381
O                3.473919            0.399627            1.270747
O                3.813124            2.177199           -1.580454
C               -5.588297           -1.518826            1.192244
H               -5.322908           -2.513122            0.804270
H               -6.667658           -1.512373            1.410425
H               -5.052253           -1.356773            2.141959
C               -5.719131            0.936684            0.736459
H               -5.220617            1.175009            1.690440
H               -6.801264            0.906411            0.935978
H               -5.545166            1.761999            0.026707
C               -6.019949           -0.688633           -1.140203
H               -5.799001            0.080712           -1.898306
H               -7.104545           -0.671229           -0.949797
H               -5.759384           -1.674279           -1.553098
C               -5.279040           -0.409683            0.176469
C               -3.805248           -0.454765           -0.117878
C               -2.930001            0.623228            0.059661
H               -3.321875            1.575263            0.417173
C               -1.564250            0.544838           -0.219232
C               -0.624624            1.650710            0.056370
C               -0.566313            2.358261            1.261124
H               -1.397406            2.314582            1.971575
O               -3.384484           -1.598297           -0.571926
O               -1.016473           -0.542768           -0.686583
H               -2.415383           -1.545422           -0.755344
Zn               0.955338           -0.541569           -0.881296