50
 
C               -7.121934           -1.046716            1.253665
H               -6.931000           -2.129911            1.273279
H               -8.212351           -0.887881            1.270295
H               -6.700780           -0.604030            2.171861
C               -6.854027            1.092948           -0.000170
H               -6.462897            1.603025            0.895790
H               -7.947480            1.226281           -0.000259
H               -6.462783            1.602804           -0.896206
C               -7.121688           -1.047026           -1.253543
H               -6.700370           -0.604547           -2.171765
H               -8.212106           -0.888226           -1.270417
H               -6.930713           -2.130220           -1.272862
C               -6.527679           -0.394454            0.000040
C               -5.040495           -0.658366            0.000188
C               -4.063943            0.320826            0.000032
H               -4.368138            1.365122           -0.000144
C               -2.681516           -0.043575            0.000119
C               -1.622096            1.021735           -0.000095
C               -1.884309            2.396039           -0.000440
H               -2.913799            2.762085           -0.000578
C               -0.837479            3.317406           -0.000617
H               -1.055156            4.388057           -0.000891
C               -0.298389            0.588581            0.000049
H               -0.158530           -0.495398            0.000320
O               -4.731878           -1.929409            0.000433
O               -2.298463           -1.227348            0.000361
H               -3.733125           -1.995544            0.000482
C                4.652529           -2.867296            1.255789
H                5.656823           -2.419208            1.271338
H                4.767390           -3.962567            1.274097
H                4.118903           -2.572088            2.174690
C                2.520453           -3.176801           -0.000451
H                1.922232           -2.946595            0.896215
H                2.693491           -4.264136           -0.000661
H                1.922313           -2.946241           -0.897079
C                4.652620           -2.866768           -1.256420
H                4.119073           -2.571105           -2.175222
H                4.767416           -3.962037           -1.275216
H                5.656932           -2.418713           -1.271657
C                3.867679           -2.464841           -0.000244
C                3.751386           -0.951352            0.000020
C                2.509080           -0.304852           -0.000055
H                1.656974           -0.979045           -0.000309
C                2.168040            1.070296            0.000037
C                0.766648            1.500647           -0.000125
C                0.477467            2.879628           -0.000450
H                1.297227            3.600179           -0.000583
O                4.921886           -0.359347            0.000270
O                3.035095            2.051545            0.000238
Zn               4.764108            1.458336            0.000370