50
 
C               -6.486837           -0.234225            1.292297
H               -6.274513           -1.018406            2.037600
H               -7.562303            0.000083            1.353150
H               -5.938100            0.676312            1.584352
C               -6.414788            0.421821           -1.131409
H               -5.862970            1.346491           -0.894652
H               -7.488318            0.672296           -1.124037
H               -6.151589            0.115873           -2.157463
C               -6.998092           -1.919118           -0.480900
H               -6.770572           -2.287919           -1.492758
H               -8.065961           -1.651918           -0.441521
H               -6.823503           -2.750257            0.219408
C               -6.151050           -0.704951           -0.126725
C               -4.680110           -1.075073           -0.185248
C               -3.675200           -0.053674            0.127989
H               -3.996328            0.952965            0.394240
C               -2.343048           -0.367176            0.081160
C               -1.272305            0.601155            0.385485
C               -1.545556            1.925488            0.806072
H               -2.576381            2.254731            0.949421
C               -0.519065            2.796860            1.077339
H               -0.735420            3.794127            1.469548
C                0.055049            0.180840            0.231200
H                0.237655           -0.831415           -0.137308
O               -4.315127           -2.211136           -0.491848
O               -1.900056           -1.562885           -0.241684
H               -2.713468           -2.127518           -0.423243
C                4.453762           -2.933198            1.558444
H                5.145597           -2.356272            2.194237
H                4.694659           -4.001468            1.689018
H                3.429810           -2.784554            1.940149
C                3.619397           -3.353995           -0.774390
H                2.571654           -3.239779           -0.449221
H                3.860302           -4.427872           -0.708487
H                3.684125           -3.065434           -1.836823
C                6.028962           -2.839856           -0.378140
H                6.172746           -2.559834           -1.433115
H                6.250474           -3.913761           -0.271022
H                6.763012           -2.272351            0.214090
C                4.606462           -2.556242            0.081941
C                4.327624           -1.058378           -0.061946
C                2.957058           -0.604814            0.285618
H                2.241752           -1.331231            0.680071
C                2.527724            0.692271            0.154677
C                1.120855            1.042378            0.477018
C                0.830779            2.391204            0.902127
H                1.591393            2.895727            1.529754
O                5.160640           -0.274431           -0.458862
O                3.300749            1.692694           -0.199945
Zn               2.123229            3.088319           -0.656078