50
 
C               -6.367394            0.401181            1.342171
H               -6.528384           -0.689351            1.367386
H               -7.356275            0.877387            1.435209
H               -5.771939            0.676799            2.227215
C               -5.556117            2.397167            0.091343
H               -4.996257            2.737271            0.976941
H               -6.558362            2.848426            0.151512
H               -5.069159            2.793996           -0.814169
C               -6.546683            0.494149           -1.166664
H               -6.060081            0.778001           -2.113839
H               -7.513709            1.017471           -1.112227
H               -6.794446           -0.582061           -1.216502
C               -5.691118            0.880450            0.047753
C               -4.345482            0.191809           -0.048088
C               -3.138648            0.808615            0.059612
H               -3.165357            1.889982            0.177402
C               -1.840284            0.172890            0.057557
C               -0.622628            1.012585           -0.031160
C               -0.650951            2.389650           -0.312114
H               -1.596313            2.911334           -0.478513
C                0.533094            3.110321           -0.410029
H                0.503526            4.178263           -0.637944
C                1.756475            2.475174           -0.215728
H                0.659140           -0.683430            0.373546
O               -4.405223           -1.143479           -0.240085
O               -1.673203           -1.060771            0.159400
H               -5.323345           -1.423304           -0.390762
C                5.610427           -1.350860           -1.293361
H                5.004214           -2.100604           -0.762649
H                6.277090           -1.871379           -1.999695
H                4.928767           -0.719638           -1.890459
C                7.244577            0.540709           -1.108315
H                6.585747            1.203995           -1.694840
H                7.917484            0.033145           -1.818403
H                7.861607            1.159290           -0.436463
C                7.387559           -1.392133            0.495429
H                7.981489           -0.790752            1.200968
H                8.082694           -1.927389           -0.170649
H                6.825546           -2.138746            1.078492
C                6.451212           -0.520889           -0.326940
C                5.563345            0.264547            0.585446
C                4.342384            1.008673            0.171830
C                3.066042            0.338832            0.291486
C                1.806532            1.103272            0.069470
C                0.612854            0.385521            0.153102
H                2.671742            3.068660           -0.289763
O                5.729219            0.476053            1.767565
O                3.043364           -0.859058            0.568541
H                4.441620            2.094275            0.065197
Zn              -2.741716           -2.763786           -0.066239