50
 
C               -3.932239            3.050661            1.479070
H               -4.991019            2.817942            1.293707
H               -3.848120            4.133713            1.660772
H               -3.610957            2.531902            2.397710
C               -1.610554            3.087893            0.569551
H               -1.214527            2.629463            1.490660
H               -1.579284            4.178547            0.716705
H               -0.932118            2.857210           -0.268512
C               -3.541113            3.390439           -0.979701
H               -2.935565            3.118524           -1.860403
H               -3.449271            4.478256           -0.834255
H               -4.595658            3.163944           -1.193778
C               -3.048054            2.670940            0.282965
C               -3.211241            1.179237            0.054623
C               -2.127420            0.293983            0.136638
H               -1.184137            0.768350            0.394432
C               -2.054342           -1.110033           -0.033614
C               -0.778471           -1.821210            0.092612
C               -0.795724           -3.224485            0.192232
H               -1.753084           -3.748571            0.169632
C                0.387689           -3.936222            0.333471
H                0.361799           -5.024913            0.421845
C                0.459589           -1.153973            0.117623
H                0.502255           -0.067672            0.012140
O               -4.449083            0.844659           -0.210632
O               -3.077375           -1.882460           -0.294348
C                5.622081            0.010688           -1.537829
H                5.918216           -0.935744           -1.059459
H                6.394024            0.276899           -2.278735
H                4.688626           -0.167028           -2.098978
C                5.033939            2.425987           -1.211764
H                4.070777            2.305685           -1.737202
H                5.781470            2.721979           -1.966541
H                4.935783            3.256064           -0.492422
C                6.832222            1.377797            0.168789
H                6.763960            2.189070            0.908795
H                7.595800            1.647783           -0.578597
H                7.171885            0.474805            0.700279
C                5.493776            1.138248           -0.515102
C                4.444049            0.820147            0.540774
C                3.082896            0.286045            0.093835
H                2.837155            0.517164           -0.959279
C                3.002003           -1.210256            0.282080
C                1.647897           -1.864865            0.251750
C                1.602876           -3.261673            0.365853
H                2.551755           -3.794303            0.478324
O                4.611821            1.010898            1.718556
O                3.989191           -1.888383            0.438093
H                2.328829            0.781807            0.728283
Zn              -4.648806           -0.956156           -0.445387