50
 
C                4.637248           -1.918864            1.759756
H                5.251966           -1.256550            2.391551
H                4.883245           -2.959917            2.028446
H                3.578675           -1.750104            2.017985
C                4.038816           -2.600312           -0.580389
H                2.964755           -2.474106           -0.364178
H                4.291563           -3.654832           -0.379469
H                4.194905           -2.419845           -1.657132
C                6.390951           -1.991179           -0.014349
H                6.635996           -1.821708           -1.074366
H                6.611992           -3.042890            0.229491
H                7.056758           -1.348698            0.581241
C                4.926156           -1.690317            0.272610
C                4.630797           -0.231276           -0.053200
C                3.266802            0.258627            0.061585
H                2.474361           -0.409463            0.400549
C                2.983790            1.569601           -0.220379
C                1.627667            2.156771           -0.133016
C                1.487863            3.552255           -0.112652
H                2.388227            4.168571           -0.168341
C                0.228067            4.137786           -0.020163
H                0.134358            5.226106            0.002282
C                0.482896            1.364861           -0.086189
H                0.604927            0.281469           -0.129877
O                5.540353            0.530842           -0.397788
O                3.906288            2.431861           -0.580704
H                4.776321            1.922520           -0.595364
C               -1.216343           -3.022160           -0.453867
H               -0.799060           -2.549875           -1.358492
H               -1.090643           -4.109465           -0.573136
H               -0.612693           -2.723018            0.419187
C               -3.211314           -3.443032            0.981631
H               -2.683915           -3.104330            1.889083
H               -3.027994           -4.523561            0.872288
H               -4.291328           -3.294020            1.125697
C               -3.470411           -3.194648           -1.505127
H               -4.553994           -3.044070           -1.392910
H               -3.289453           -4.271398           -1.650118
H               -3.133433           -2.673271           -2.416647
C               -2.697877           -2.715756           -0.268434
C               -2.993021           -1.236885           -0.090062
C               -1.977224           -0.273344           -0.107284
H               -0.984353           -0.682881           -0.268771
C               -2.018742            1.135718            0.042700
C               -0.795125            1.941314           -0.001129
C               -0.907244            3.344935            0.039887
H               -1.896037            3.801454            0.108437
O               -4.271374           -0.997902            0.073878
O               -3.114338            1.827417            0.224370
Zn              -4.615169            0.783719            0.277765