50
 
C                6.834738           -0.393561            1.254788
H                6.584915            0.164923            2.172211
H                7.913784           -0.618874            1.284518
H                6.297345           -1.355461            1.282482
C                6.834847           -0.393242           -1.254802
H                6.297361           -1.355083           -1.282831
H                7.913880           -0.618634           -1.284450
H                6.585188            0.165528           -2.172094
C                7.347716            1.702584            0.000285
H                7.136610            2.319839           -0.886442
H                8.420434            1.450597            0.000328
H                7.136498            2.319638            0.887129
C                6.518347            0.425825            0.000089
C                5.037363            0.776759           -0.000025
C                4.054998           -0.296404            0.000055
H                4.386630           -1.334621            0.000271
C                2.718840            0.000582           -0.000119
C                1.643206           -1.016089           -0.000048
C                1.900579           -2.394163            0.000022
H                2.930313           -2.759683            0.000006
C                0.855485           -3.312519            0.000092
H                1.073703           -4.382969            0.000145
C                0.317986           -0.582417           -0.000058
H                0.156257            0.496505           -0.000128
O                4.670128            1.957975           -0.000242
O                2.274509            1.240693           -0.000349
H                3.097666            1.827768           -0.000369
C               -2.516017            3.178673           -0.000027
H               -1.917290            2.950503            0.896877
H               -2.692783            4.265386            0.000045
H               -1.917514            2.950602           -0.897110
C               -4.647113            2.861707           -1.255943
H               -4.112935            2.567932           -2.174976
H               -4.765326            3.956603           -1.274424
H               -5.650064            2.410667           -1.271043
C               -4.646769            2.861484            1.256405
H               -5.649673            2.410344            1.271761
H               -4.765085            3.956367            1.275052
H               -4.112292            2.567659            2.175249
C               -3.860743            2.462008            0.000092
C               -3.739530            0.948895           -0.000036
C               -2.494697            0.306190           -0.000076
H               -1.645976            0.984442           -0.000109
C               -2.149892           -1.067719           -0.000017
C               -0.747305           -1.497136            0.000006
C               -0.461115           -2.874528            0.000086
H               -1.281092           -3.594540            0.000135
O               -4.907518            0.353157           -0.000043
O               -3.015095           -2.050332            0.000082
Zn              -4.746742           -1.464632           -0.000081