50
 
C               -5.790099           -1.868107           -1.372703
H               -6.696249           -1.247397           -1.314243
H               -6.099206           -2.922093           -1.463614
H               -5.242655           -1.593559           -2.290018
C               -3.693518           -2.601685           -0.239746
H               -3.098242           -2.384652           -1.142672
H               -4.025013           -3.649908           -0.310648
H               -3.038975           -2.524140            0.644931
C               -5.710829           -2.066051            1.125261
H               -5.104711           -1.938455            2.037908
H               -6.020916           -3.122087            1.067517
H               -6.614467           -1.446628            1.223381
C               -4.911503           -1.694327           -0.128719
C               -4.536017           -0.234199           -0.024466
C               -3.241987            0.250518           -0.024344
H               -2.419741           -0.456812           -0.109557
C               -3.003837            1.660030            0.078372
C               -1.599499            2.195164            0.080009
C               -1.442024            3.586923            0.133940
H               -2.348707            4.196913            0.174135
C               -0.174925            4.161561            0.134158
H               -0.066019            5.247990            0.175001
C               -0.466700            1.389769            0.035580
H               -0.596153            0.307912           -0.013246
O               -5.566527            0.564539            0.069651
O               -3.925147            2.486245            0.167242
H               -5.217466            1.501620            0.131289
C                1.183537           -3.028065            0.308182
H                0.751294           -2.584649            1.220417
H                1.044074           -4.117594            0.384199
H                0.603532           -2.690040           -0.566652
C                3.204916           -3.418242           -1.097593
H                2.702074           -3.040118           -2.003392
H                3.006951           -4.499761           -1.032335
H                4.289481           -3.277427           -1.212234
C                3.412049           -3.262608            1.401328
H                4.499219           -3.119121            1.318072
H                3.217814           -4.342028            1.503007
H                3.060121           -2.771116            2.323763
C                2.671718           -2.730961            0.166600
C                2.984938           -1.249459            0.049566
C                1.979456           -0.276395            0.085319
H                0.979250           -0.680007            0.214093
C                2.037971            1.137754           -0.008755
C                0.822982            1.953203            0.038781
C                0.951780            3.354901            0.083465
H                1.948366            3.799879            0.084062
O                4.269252           -1.019379           -0.081318
O                3.145298            1.823714           -0.137041
Zn               4.634429            0.765133           -0.204561