50
 
C                6.572194           -0.545353            0.905940
H                6.836663            0.519309            0.982303
H                7.504045           -1.120409            0.787602
H                6.102232           -0.861504            1.852199
C                5.391478           -2.318144           -0.390325
H                4.929547           -2.722418            0.525455
H                6.351452           -2.840774           -0.522932
H                4.761704           -2.579224           -1.256661
C                6.330730           -0.342169           -1.586832
H                5.684605           -0.511155           -2.464480
H                7.259912           -0.912934           -1.741609
H                6.590737            0.725401           -1.540403
C                5.655690           -0.820530           -0.294016
C                4.395764            0.004994           -0.105892
C                3.125254           -0.584911           -0.043549
H                3.126783           -1.665968           -0.157470
C                1.843157           -0.010475            0.129620
C                0.638155           -0.847510            0.187095
C                0.685982           -2.251343            0.298515
H                1.639239           -2.781175            0.359665
C               -0.486584           -2.988105            0.361201
H               -0.439698           -4.075547            0.454323
C               -0.612074           -0.217334            0.141713
H               -0.692714            0.868365            0.052687
O                4.645064            1.286877           -0.016322
O                1.610639            1.269457            0.243945
C               -5.783831            0.794193           -1.757864
H               -5.128526            1.661062           -1.577555
H               -6.521908            1.074824           -2.527504
H               -5.169229           -0.016479           -2.185062
C               -7.359804           -0.878414           -0.751503
H               -6.758828           -1.728612           -1.116593
H               -8.112449           -0.655534           -1.526057
H               -7.897401           -1.200039            0.155902
C               -7.414555            1.503835           -0.002472
H               -7.949513            1.225607            0.917914
H               -8.157709            1.752278           -0.777503
H               -6.828133            2.409528            0.219289
C               -6.515874            0.373834           -0.483518
C               -5.526189            0.020302            0.617747
C               -4.377607           -0.935884            0.296929
H               -4.539968           -1.543007           -0.612744
C               -3.082382           -0.180059            0.139808
C               -1.793674           -0.953199            0.203311
C               -1.724061           -2.345122            0.314966
H               -2.638105           -2.943481            0.367286
O               -5.614956            0.434068            1.745844
O               -3.052540            1.015220           -0.041539
H               -4.293484           -1.636701            1.145209
Zn               3.128816            2.288066            0.188202