50
 
C               -3.217535            3.014951            1.676603
H               -3.940941            2.581597            2.386634
H               -3.275293            4.111414            1.771481
H               -2.204018            2.713396            1.985080
C               -2.497859            3.202792           -0.728283
H               -1.468976            2.900433           -0.475895
H               -2.535391            4.303136           -0.680928
H               -2.697958            2.909285           -1.771888
C               -4.925049            3.167068           -0.138209
H               -5.206572            2.896965           -1.167690
H               -4.918884            4.265512           -0.063652
H               -5.706086            2.782935            0.535206
C               -3.548996            2.627216            0.228540
C               -3.539281            1.110729            0.132422
C               -2.285720            0.427382            0.379808
H               -1.461238            1.025326            0.772229
C               -1.990583           -0.876198            0.138004
C               -0.653635           -1.451597            0.327790
C               -0.511392           -2.770652            0.799112
H               -1.390141           -3.357790            1.088108
C                0.753113           -3.324943            0.950185
H                0.859695           -4.344068            1.328918
C                0.487257           -0.709842            0.017875
H                0.419394            0.308340           -0.377461
O               -4.601472            0.521627           -0.140154
O               -2.937501           -1.740324           -0.308785
H               -2.529173           -2.568631           -0.613034
C                5.320908            1.795198            0.946354
H                4.624376            2.384782            0.330785
H                5.953424            2.488050            1.524544
H                4.727334            1.210746            1.671267
C                7.123187            0.053650            0.991803
H                6.547674           -0.563680            1.702914
H                7.764099            0.726674            1.584223
H                7.778285           -0.606431            0.400196
C                7.036283            1.709364           -0.899281
H                7.664890            1.059211           -1.527228
H                7.695477            2.404052           -0.354957
H                6.390073            2.300218           -1.567516
C                6.210812            0.899402            0.087666
C                5.371927           -0.094518           -0.653077
C                4.260079           -0.885315           -0.054901
C                2.913993           -0.394065           -0.213482
C                1.760963           -1.264794            0.161570
C                1.885145           -2.579458            0.628711
H                2.867898           -3.042847            0.746541
O                5.507926           -0.451385           -1.803399
O                2.723696            0.740261           -0.651505
H                4.489128           -1.917224            0.231135
Zn              -5.190332           -1.382368           -0.496784