50
 
C                2.186916            3.181345            0.184277
H                1.554904            2.951727           -0.689111
H                2.282236            4.277144            0.231508
H                1.660465            2.865228            1.099619
C                4.407400            2.972722            1.301063
H                3.951445            2.598759            2.232962
H                4.445706            4.071461            1.366495
H                5.439809            2.598939            1.237975
C                4.256546            3.086324           -1.204755
H                5.288020            2.716445           -1.298494
H                4.290383            4.186806           -1.175896
H                3.691723            2.793299           -2.105504
C                3.578997            2.571469            0.072784
C                3.570826            1.055616            0.003568
C                2.377628            0.319844            0.033090
H                1.481989            0.929729            0.114345
C                2.138245           -1.073433           -0.017662
C                0.770451           -1.606433            0.029434
C                0.582506           -3.002954            0.058636
H                1.453541           -3.660620            0.042259
C               -0.694411           -3.539476            0.113060
H               -0.829323           -4.623333            0.137571
C               -0.357494           -0.776299            0.047367
H               -0.297471            0.314749            0.013271
O                4.775738            0.549276           -0.083460
O                3.069675           -1.988527           -0.102417
C               -5.318977            1.204558           -1.635768
H               -4.523271            1.937012           -1.426488
H               -6.014803            1.651538           -2.365041
H               -4.858951            0.330371           -2.127357
C               -7.134926           -0.238325           -0.679249
H               -6.695517           -1.152767           -1.112810
H               -7.855345            0.156557           -1.414851
H               -7.699673           -0.521547            0.224447
C               -6.768447            2.067684            0.207939
H               -7.323797            1.826489            1.126687
H               -7.474463            2.485533           -0.527974
H               -6.032338            2.846188            0.463643
C               -6.085035            0.834841           -0.365684
C               -5.146505            0.252376            0.681588
C               -4.184561           -0.862631            0.270772
H               -4.464452           -1.375001           -0.668155
C               -2.782874           -0.329105            0.121127
C               -1.642994           -1.310057            0.106022
C               -1.806754           -2.698351            0.141477
H               -2.807956           -3.136086            0.188549
O               -5.138139            0.604928            1.833613
O               -2.553045            0.853065            0.006186
H               -4.205659           -1.619787            1.073240
Zn               4.754325           -1.275235           -0.156226