50
 
C               -4.057892            1.629464            1.787912
H               -3.366144            1.044620            2.417991
H               -4.661047            2.260012            2.460685
H               -3.465640            2.308261            1.152575
C               -5.897803            1.556758            0.066148
H               -5.335168            2.222683           -0.607567
H               -6.540421            2.197807            0.690466
H               -6.559887            0.920356           -0.543136
C               -5.855624           -0.110502            1.932208
H               -6.521108           -0.792943            1.381827
H               -6.480929            0.557811            2.543942
H               -5.238196           -0.718715            2.610749
C               -4.999656            0.719753            0.985670
C               -4.130785           -0.184746            0.147076
C               -3.172106            0.430326           -0.855905
H               -3.333442            1.505221           -0.981984
C               -1.731260            0.082491           -0.554105
C               -0.681534            1.098744           -0.604704
C               -0.924794            2.474411           -0.760871
H               -1.941860            2.862032           -0.860695
C                0.136653            3.371682           -0.790127
H               -0.059043            4.439611           -0.911894
C                0.647350            0.648530           -0.481733
H                0.803996           -0.426189           -0.364900
O               -4.159063           -1.402079            0.279252
O               -1.445785           -1.093668           -0.289501
H               -3.396957           -0.045285           -1.833353
C                5.692019            0.473181            1.762469
H                5.919889            1.415027            1.240611
H                6.370400            0.375310            2.625265
H                4.664209            0.541937            2.160943
C                5.491170           -2.019987            1.605565
H                4.455729           -1.990438            1.986687
H                6.159710           -2.129155            2.474913
H                5.608951           -2.912441            0.969656
C                7.282382           -0.829121            0.302081
H                7.399143           -1.693704           -0.369436
H                7.996326           -0.939677            1.133566
H                7.551018            0.076881           -0.263793
C                5.865458           -0.734784            0.846442
C                4.892282           -0.675130           -0.289108
C                3.465024           -0.262838           -0.180767
H                2.721447           -1.065907           -0.202388
C                3.139277            1.124935           -0.421672
C                1.710043            1.544553           -0.523205
C                1.444688            2.913159           -0.678001
H                2.294479            3.600485           -0.712446
O                5.088615           -1.015133           -1.436250
O                4.040845            1.951080           -0.530669
Zn              -2.771057           -2.688016           -0.738439