50
 
C                4.980383            1.150626            0.401502
H                5.022670            1.530675           -0.632203
H                6.019163            1.040633            0.750481
H                4.506183            1.913510            1.041303
C                4.264201           -0.675092            1.946502
H                3.712821            0.027136            2.594418
H                5.297764           -0.734149            2.323200
H                3.808270           -1.671207            2.042706
C                5.028627           -1.213551           -0.382655
H                4.577841           -2.214706           -0.314963
H                6.074415           -1.281795           -0.042731
H                5.038085           -0.903194           -1.440836
C                4.277477           -0.197790            0.492049
C                2.854562           -0.167357           -0.033295
C                2.280266            1.012178           -0.557289
H                2.769028            1.957709           -0.315419
C                1.016746            1.057628           -1.168519
C                0.086685            2.185085           -0.899493
C                0.400718            3.418945           -0.312307
H                1.423920            3.805988           -0.340631
C               -0.590381            4.146010            0.350924
H               -0.342704            5.117604            0.785789
C               -1.242775            1.755051           -0.848522
H               -1.505886            0.838124           -1.374406
O                2.212581           -1.277287            0.110392
O                0.487275            0.021688           -1.724001
H               -1.071701            0.414065            0.955329
C               -2.657090           -3.000608            1.528350
H               -1.771673           -2.755180            2.136532
H               -2.703211           -4.095653            1.410383
H               -3.549875           -2.683828            2.088962
C               -3.878124           -2.667103           -0.630349
H               -4.785262           -2.359354           -0.088684
H               -3.943935           -3.757975           -0.765892
H               -3.890267           -2.194782           -1.625964
C               -1.404672           -2.844182           -0.636754
H               -1.207908           -2.250051           -1.559951
H               -1.571420           -3.866202           -1.013935
H               -0.511382           -3.026222            0.027646
C               -2.620337           -2.318170            0.156694
C               -2.474217           -0.820305            0.342638
C               -3.418780            0.115005            0.146357
C               -3.414420            1.610596            0.342316
C               -2.176201            2.363357           -0.020401
C               -1.859361            3.601609            0.555215
H               -2.600433            4.101699            1.186126
O               -1.176782           -0.542203            0.783921
O               -4.388643            2.147537            0.810689
H               -4.415173           -0.258296           -0.107144
Zn               0.394179           -1.352134           -0.406864