50
 
C                3.931827           -3.051389            1.478404
H                4.990623           -2.818580            1.293233
H                3.847712           -4.134533            1.659561
H                3.610505           -2.533089            2.397289
C                1.610202           -3.088081            0.568690
H                1.214066           -2.629965            1.489904
H                1.578898           -4.178789            0.715443
H                0.931886           -2.857093           -0.269383
C                3.540878           -3.390108           -0.980500
H                2.935377           -3.117859           -1.861133
H                3.449031           -4.477982           -0.835480
H                4.595432           -3.163519           -1.194442
C                3.047759           -2.671085            0.282433
C                3.211104           -1.179309            0.054598
C                2.127282           -0.294017            0.136320
C                2.054315            1.110024           -0.033662
C                0.778451            1.821267            0.092235
C                0.795720            3.224590            0.191219
H                1.753089            3.748644            0.168356
C               -0.387673            3.936424            0.332128
H               -0.361759            5.025157            0.419963
C               -0.459633            1.154081            0.117595
H               -0.502359            0.067729            0.012680
O                4.449059           -0.844733           -0.210063
O                3.077510            1.882406           -0.293940
H                1.183883           -0.768435            0.393570
C               -5.621784           -0.011084           -1.537709
H               -5.918312            0.935308           -1.059498
H               -6.393418           -0.277556           -2.278844
H               -4.688184            0.166850           -2.098549
C               -5.033091           -2.426200           -1.211244
H               -4.069867           -2.305663           -1.736509
H               -5.780373           -2.722530           -1.966133
H               -4.934820           -3.256171           -0.491792
C               -6.832079           -1.378395            0.168656
H               -6.763819           -2.189577            0.908766
H               -7.595345           -1.648684           -0.578940
H               -7.172175           -0.475457            0.699956
C               -5.493492           -1.138534           -0.514844
C               -4.444227           -0.819807            0.541302
C               -3.082926           -0.285912            0.094569
H               -2.836817           -0.517591           -0.958336
C               -3.002040            1.210479            0.282109
C               -1.647919            1.865057            0.251427
C               -1.602874            3.261919            0.364858
H               -2.551739            3.794625            0.477092
O               -4.612498           -1.009791            1.719133
O               -3.989217            1.888708            0.437719
H               -2.329065           -0.781334            0.729535
Zn               4.648997            0.956128           -0.444353