50
 
C                5.891744            1.548636           -0.105312
H                6.560211            0.836491           -0.615910
H                6.527067            2.252850            0.455168
H                5.355888            2.135239           -0.868705
C                4.014533            1.847119            1.550684
H                3.452166            2.460413            0.827845
H                4.612983            2.539417            2.164312
H                3.295751            1.349680            2.224022
C                5.778456            0.111524            1.940765
H                5.135089           -0.406530            2.668253
H                6.398084            0.838571            2.487842
H                6.447133           -0.638029            1.490728
C                4.958618            0.837378            0.882863
C                4.101182           -0.150503            0.129477
C                3.182546            0.357481           -0.972055
H                3.473059           -0.191100           -1.890641
C                1.738516           -0.000499           -0.699027
C                0.684178            1.019161           -0.705804
C                0.902394            2.357353           -1.075507
H                1.891693            2.705175           -1.383619
C               -0.151613            3.265357           -1.071427
H                0.022145            4.303461           -1.363697
C               -0.608904            0.611320           -0.337532
H               -0.745274           -0.433993           -0.050357
O                4.113529           -1.344345            0.397047
O                1.452277           -1.177789           -0.461084
H                3.333188            1.423251           -1.167081
C               -6.139973            0.216493           -1.048029
H               -6.212603            1.256898           -0.696567
H               -7.043822           -0.022577           -1.631255
H               -5.278922            0.146706           -1.736244
C               -5.876453           -2.197215           -0.427711
H               -5.004902           -2.304348           -1.096372
H               -6.775195           -2.447082           -1.014627
H               -5.787469           -2.930674            0.390134
C               -7.203502           -0.665297            1.061207
H               -7.104772           -1.365474            1.905057
H               -8.133685           -0.904527            0.521880
H               -7.297463            0.351286            1.474688
C               -6.017198           -0.763950            0.114740
C               -4.747575           -0.524997            0.870833
C               -3.425130           -0.218745            0.257970
H               -2.703064           -1.040374            0.207772
C               -3.056972            1.167904            0.094661
C               -1.664440            1.516604           -0.321222
C               -1.421231            2.851434           -0.689610
H               -2.262833            3.549813           -0.662748
O               -4.585834           -0.615441            2.069186
O               -3.894349            2.048419            0.277503
Zn               2.850850           -2.795688           -0.586696