50
 
C               -4.025820            3.039134            1.576215
H               -5.060251            2.713304            1.377232
H               -4.064107            4.115192            1.808332
H               -3.670341            2.509402            2.474454
C               -1.697209            3.334387            0.742385
H               -1.300092            2.868624            1.658261
H               -1.759588            4.416603            0.933708
H               -0.976344            3.185064           -0.077909
C               -3.595303            3.563692           -0.847938
H               -2.965870            3.374458           -1.732559
H               -3.578616            4.645499           -0.644705
H               -4.641576            3.327714           -1.114780
C               -3.081463            2.808018            0.385679
C               -3.068766            1.322352            0.089501
C               -2.005317            0.495354            0.278042
H               -1.101735            0.966126            0.659712
C               -1.969708           -0.936050            0.072123
C               -0.685256           -1.654427            0.247684
C               -0.728419           -3.050365            0.393840
H               -1.698911           -3.550529            0.357828
C                0.439068           -3.776310            0.598115
H                0.392648           -4.860116            0.728435
C                0.556096           -1.006513            0.270917
H                0.603730            0.076286            0.132076
O               -4.236198            0.828190           -0.369383
O               -2.970578           -1.622459           -0.219741
H               -4.873449            1.545800           -0.521120
C                5.857595           -0.433418           -1.394242
H                6.104534           -1.244171           -0.692547
H                6.652979           -0.370642           -2.154229
H                4.925016           -0.706430           -1.919597
C                5.363149            2.003983           -1.699557
H                4.420671            1.776680           -2.227291
H                6.158766            2.069964           -2.459283
H                5.269773            2.989474           -1.214967
C                7.014303            1.277528            0.053491
H                6.915760            2.241609            0.576003
H                7.847790            1.356917           -0.662232
H                7.274775            0.511883            0.801273
C                5.734810            0.909810           -0.682245
C                4.587379            0.898400            0.277799
C                3.265972            0.253890            0.046181
C                3.087673           -1.110409            0.499792
C                1.735083           -1.731818            0.461084
C                1.663406           -3.121409            0.640119
H                2.596451           -3.666467            0.807857
O                4.523041            1.469395            1.346196
O                4.069493           -1.742554            0.880474
H                2.434377            0.919355           -0.207554
Zn              -4.922536           -1.372905           -0.728023