50
 
C                5.025364           -2.400770            0.718335
H                5.304896           -2.093077            1.739751
H                5.418081           -3.418783            0.557396
H                3.925524           -2.459047            0.667975
C                5.167864           -1.877009           -1.731766
H                4.070919           -1.916324           -1.835099
H                5.558634           -2.883913           -1.955238
H                5.558042           -1.189575           -2.500516
C                7.134119           -1.481585           -0.247130
H                7.589047           -0.801985           -0.983673
H                7.500382           -2.502424           -0.442686
H                7.488755           -1.169613            0.747261
C                5.614126           -1.452673           -0.329542
C                5.114258           -0.037710           -0.063820
C                3.683593            0.221164           -0.065840
H                2.982876           -0.588554           -0.270877
C                3.217869            1.490409            0.158543
C                1.783285            1.856846            0.162732
C                1.430958            3.214314            0.165079
H                2.227641            3.961648            0.170401
C                0.093692            3.602774            0.162777
H               -0.164731            4.664249            0.171103
C                0.768805            0.901558            0.175680
H                1.015307           -0.161378            0.199251
O                5.915353            0.880155            0.143657
O                4.018877            2.508502            0.375326
H                4.957183            2.141183            0.338410
C               -5.473400            1.757718           -0.750785
H               -5.132147            2.363910            0.104529
H               -6.502484            2.075835           -0.978944
H               -4.858698            2.001946           -1.632694
C               -6.001159           -0.503421           -1.659930
H               -5.356496           -0.347418           -2.541044
H               -7.007904           -0.135916           -1.913853
H               -6.072870           -1.582794           -1.461729
C               -6.383385            0.004499            0.770981
H               -6.461406           -1.068512            0.998823
H               -7.395133            0.380879            0.552390
H               -6.017651            0.530807            1.668457
C               -5.477058            0.266093           -0.439788
C               -4.102406           -0.285814           -0.108115
C               -2.959911            0.525189           -0.098833
H               -3.145706            1.561887           -0.367761
C               -1.603495            0.227779            0.184329
C               -0.583611            1.279229            0.164887
C               -0.911904            2.649163            0.157529
H               -1.952338            2.980523            0.180612
O               -4.128945           -1.569182            0.156227
O               -1.147077           -0.965697            0.468363
Zn              -2.467367           -2.230677            0.522907