50
 
C               -3.932527            3.051000            1.478614
H               -4.991253            2.818239            1.293017
H               -3.848499            4.134104            1.660076
H               -3.611490            2.532486            2.397474
C               -1.610562            3.087951            0.569827
H               -1.214745            2.629610            1.491067
H               -1.579301            4.178618            0.716905
H               -0.931921            2.857199           -0.268054
C               -3.540543            3.390253           -0.980129
H               -2.934845            3.117863           -1.860589
H               -3.448378            4.478091           -0.835046
H               -4.595093            3.163982           -1.194403
C               -3.047984            2.670997            0.282886
C               -3.211180            1.179240            0.054648
C               -2.127365            0.293970            0.136673
H               -1.184064            0.768334            0.394394
C               -2.054293           -1.110057           -0.033508
C               -0.778424           -1.821249            0.092555
C               -0.795644           -3.224556            0.191706
H               -1.752995           -3.748651            0.168917
C                0.387774           -3.936326            0.332742
H                0.361895           -5.025049            0.420712
C                0.459640           -1.154010            0.117818
H                0.502332           -0.067678            0.012690
O               -4.449023            0.844689           -0.210647
O               -3.077397           -1.882477           -0.294010
C                5.621720            0.010636           -1.537835
H                5.918459           -0.935590           -1.059425
H                6.393165            0.277006           -2.279199
H                4.688026           -0.167599           -2.098422
C                5.033171            2.425876           -1.211954
H                4.069956            2.305261           -1.737217
H                5.780492            2.722005           -1.966884
H                4.934916            3.255994           -0.492672
C                6.832131            1.378287            0.168146
H                6.764015            2.189803            0.907903
H                7.595432            1.648153           -0.579571
H                7.172115            0.475523            0.699813
C                5.493507            1.138333           -0.515248
C                4.444222            0.820098            0.541023
C                3.082895            0.286048            0.094536
H                2.836703            0.517420           -0.958420
C                3.002029           -1.210278            0.282498
C                1.647946           -1.864923            0.251805
C                1.602949           -3.261772            0.365440
H                2.551830           -3.794425            0.477791
O                4.612471            1.010695            1.718758
O                3.989207           -1.888418            0.438537
H                2.329072            0.781674            0.729387
Zn              -4.648822           -0.956180           -0.445160