50
 
C                6.571801           -0.545906            0.906088
H                6.836320            0.518710            0.982958
H                7.503642           -1.120984            0.787786
H                6.101551           -0.862396            1.852094
C                5.391325           -2.318085           -0.391242
H                4.929258           -2.722761            0.524292
H                6.351299           -2.840687           -0.523954
H                4.761660           -2.578742           -1.257784
C                6.330989           -0.341657           -1.586660
H                5.685140           -0.510397           -2.464555
H                7.260264           -0.912295           -1.741346
H                6.590917            0.725914           -1.539787
C                5.655600           -0.820524           -0.294222
C                4.395698            0.005012           -0.105972
C                3.125159           -0.584870           -0.043737
H                3.126648           -1.665914           -0.157794
C                1.843089           -0.010427            0.129598
C                0.638104           -0.847474            0.187119
C                0.685989           -2.251306            0.298522
H                1.639280           -2.781089            0.359637
C               -0.486551           -2.988100            0.361291
H               -0.439634           -4.075540            0.454418
C               -0.612142           -0.217330            0.141846
H               -0.692819            0.868372            0.052873
O                4.645042            1.286854           -0.016143
O                1.610561            1.269512            0.243931
C               -5.783062            0.794204           -1.757993
H               -5.127539            1.660871           -1.577499
H               -6.520869            1.075117           -2.527791
H               -5.168626           -0.016628           -2.185125
C               -7.359709           -0.878018           -0.752052
H               -6.758833           -1.728389           -1.116906
H               -8.112045           -0.654954           -1.526854
H               -7.897660           -1.199435            0.155214
C               -7.414018            1.504237           -0.002982
H               -7.949304            1.226108            0.917239
H               -8.156876            1.752931           -0.778213
H               -6.827399            2.409756            0.218989
C               -6.515508            0.374013           -0.483843
C               -5.526349            0.020021            0.617747
C               -4.377633           -0.936057            0.297131
H               -4.539766           -1.543233           -0.612546
C               -3.082458           -0.180116            0.140195
C               -1.793717           -0.953234            0.203517
C               -1.724053           -2.345152            0.315142
H               -2.638066           -2.943552            0.367513
O               -5.615693            0.433324            1.745970
O               -3.052672            1.015207           -0.040838
H               -4.293546           -1.636831            1.145450
Zn               3.128792            2.288049            0.188379