50
 
C               -6.474502            0.695770            0.524454
H               -6.041753            0.853072            1.526491
H               -7.565438            0.810793            0.621097
H               -6.121654            1.497116           -0.146018
C               -6.818850           -0.855663           -1.400829
H               -6.436333           -0.112097           -2.119846
H               -7.906452           -0.706998           -1.306985
H               -6.643482           -1.859844           -1.813985
C               -6.701363           -1.755834            0.938052
H               -6.521649           -2.771784            0.556636
H               -7.787846           -1.620843            1.061155
H               -6.234599           -1.670270            1.933486
C               -6.162547           -0.689987           -0.024513
C               -4.681410           -0.924572           -0.187791
C               -3.692292            0.001334            0.126076
H               -3.989888            0.967347            0.527572
C               -2.321981           -0.335909           -0.062754
C               -1.248639            0.661921            0.296587
C               -1.517473            1.986910            0.700705
H               -2.547401            2.337755            0.790224
C               -0.482937            2.843376            1.009878
H               -0.692751            3.847289            1.388761
C                0.069819            0.215548            0.188848
H                0.222861           -0.804725           -0.176356
O               -4.378225           -2.099029           -0.661839
O               -1.939099           -1.432267           -0.504198
H               -3.381084           -2.161751           -0.729103
C                4.336212           -3.048166            1.548431
H                5.013192           -2.519520            2.239775
H                4.547120           -4.127037            1.636740
H                3.300453           -2.893310            1.893921
C                3.589582           -3.333810           -0.834452
H                2.532299           -3.202460           -0.549047
H                3.796970           -4.416360           -0.809082
H                3.708684           -2.998903           -1.878390
C                5.993550           -2.907313           -0.315477
H                6.189384           -2.580579           -1.348407
H                6.181617           -3.991063           -0.253153
H                6.716459           -2.390583            0.334144
C                4.560757           -2.606430            0.099204
C                4.327275           -1.096010            0.017034
C                2.954441           -0.623031            0.326381
H                2.213039           -1.339840            0.688552
C                2.552920            0.683101            0.191879
C                1.144330            1.056959            0.470403
C                0.860102            2.408799            0.886947
H                1.616171            2.918141            1.516019
O                5.196168           -0.317217           -0.306148
O                3.354750            1.669793           -0.134944
Zn               2.208045            3.070142           -0.657385