50
 
C                7.573089           -0.499186           -1.129737
H                7.573296           -1.597884           -1.074665
H                8.619555           -0.154087           -1.148946
H                7.099888           -0.200089           -2.080035
C                6.911428            1.640836           -0.032624
H                6.456092            2.011818           -0.965864
H                7.964643            1.963610           -0.032869
H                6.418725            2.134308            0.821569
C                7.523763           -0.327992            1.370974
H                7.013793            0.095521            2.252447
H                8.569245            0.020314            1.384537
H                7.524174           -1.423979            1.465669
C                6.849518            0.122770            0.070151
C                5.431444           -0.397638            0.077323
C                4.298962            0.391215           -0.004467
H                4.414909            1.470050           -0.079515
C                3.001440           -0.211007            0.009892
C                1.773063            0.649221           -0.083177
C                1.795302            2.043294           -0.192647
H                2.745302            2.582329           -0.216006
C                0.606438            2.768295           -0.277463
H                0.638030            3.856304           -0.371130
C                0.541584           -0.001425           -0.060302
H                0.548200           -1.089966            0.024991
O                5.349559           -1.700100            0.168985
O                2.831939           -1.439851            0.096804
H                4.377195           -1.939334            0.165269
C               -5.325722            2.506567            0.228936
H               -4.709108            2.754934            1.108381
H               -6.252718            3.095116            0.310293
H               -4.806861            2.848029           -0.681886
C               -6.576718            0.771339           -1.051487
H               -6.055015            1.024254           -1.989656
H               -7.472648            1.408571           -0.985261
H               -6.907268           -0.276216           -1.103656
C               -6.434432            0.639226            1.453133
H               -6.764184           -0.409686            1.431633
H               -7.327760            1.275183            1.556500
H               -5.808065            0.794724            2.347455
C               -5.685148            1.026999            0.171154
C               -4.476739            0.114902            0.054220
C               -3.170171            0.617389            0.011865
H               -3.104862            1.699714            0.086789
C               -1.920248           -0.042433           -0.098556
C               -0.663782            0.711849           -0.135001
C               -0.615719            2.115648           -0.247089
H               -1.528158            2.710287           -0.329776
O               -4.810821           -1.151473            0.003009
O               -1.771006           -1.338710           -0.167643
Zn              -3.354929           -2.248399           -0.117203