50
 
C                2.607020           -2.622478           -0.119074
H                1.951866           -2.447315            0.763784
H                2.758003           -3.713664           -0.139080
H                2.072027           -2.387365           -1.057079
C                4.814052           -2.161971           -1.230160
H                4.315502           -1.834035           -2.156966
H                5.008054           -3.242869           -1.314330
H                5.785429           -1.649580           -1.151754
C                4.681288           -2.426286            1.263308
H                5.680131           -1.979619            1.364780
H                4.803372           -3.516874            1.180359
H                4.117785           -2.216227            2.186848
C                3.952287           -1.908340            0.023390
C                3.794066           -0.412316            0.103246
C                2.701994            0.273238           -0.508558
H                2.452829           -0.140569           -1.503260
C                2.647096            1.783559           -0.394284
C                1.301669            2.390415           -0.525242
C                0.979078            3.551544            0.178666
H                1.778275            4.211295            0.528879
C               -0.357284            3.785833            0.528476
H               -0.615687            4.697178            1.073984
C                0.252414            1.539483           -0.913990
H                0.428632            0.741950           -1.649060
O                4.686675            0.222586            0.761299
O                3.613640            2.394101            0.043440
H                4.546247            1.218440            0.623737
C               -6.085389           -2.119802            0.325217
H               -5.808616           -2.864188           -0.437172
H               -7.182495           -2.014508            0.327131
H               -5.772645           -2.521921            1.301229
C               -5.831133            0.222663            1.138617
H               -5.484099           -0.111164            2.131061
H               -6.930078            0.306176            1.182261
H               -5.436795            1.236969            0.960530
C               -5.882732           -0.260194           -1.324087
H               -5.479949            0.737696           -1.564381
H               -6.982621           -0.180481           -1.347321
H               -5.582844           -0.952300           -2.128752
C               -5.432902           -0.773501            0.046326
C               -3.910519           -0.947007            0.043640
C               -3.106583            0.274276           -0.200137
H               -3.623070            1.222064           -0.380793
C               -1.749911            0.320283           -0.218508
C               -1.013700            1.613531           -0.335279
C               -1.328723            2.801387            0.346243
H               -2.315876            2.915616            0.805470
O               -3.386852           -2.022705            0.240922
O               -0.955467           -0.743403           -0.087650
Zn               0.855338           -0.462174            0.112298