50
 
C               -6.436877            0.054140            1.113374
H               -6.548888           -1.042585            1.190518
H               -7.458806            0.452892            1.020693
H               -6.013486            0.421947            2.061953
C               -5.648938            2.031702           -0.172509
H               -5.237840            2.505107            0.733734
H               -6.695885            2.357838           -0.268666
H               -5.109909            2.416242           -1.052914
C               -6.185406           -0.075236           -1.388370
H               -5.602519            0.244892           -2.266871
H               -7.219337            0.281585           -1.518081
H               -6.221549           -1.177424           -1.387920
C               -5.603455            0.511163           -0.092487
C               -4.189707           -0.010837            0.059907
C               -3.063441            0.749533           -0.011052
H               -3.217967            1.811857           -0.186725
C               -1.698766            0.292754            0.110882
C               -0.606486            1.294537            0.111140
C               -0.815241            2.670749            0.280480
H               -1.820868            3.071709            0.427345
C                0.263979            3.551559            0.288430
H                0.090027            4.621404            0.425807
C                0.704239            0.821498           -0.042242
H                0.834845           -0.255743           -0.165325
O               -4.093994           -1.340149            0.258273
O               -1.365976           -0.907705            0.208872
H               -4.976803           -1.733631            0.356910
C                6.038454            0.242970            1.402930
H                6.214920            1.252513            1.001971
H                6.838821            0.003754            2.121441
H                5.088105            0.258725            1.965680
C                5.736210           -2.194429            0.900338
H                4.778342           -2.217631            1.448161
H                6.533530           -2.442868            1.619401
H                5.719703           -2.976635            0.124117
C                7.330192           -0.824703           -0.483435
H                7.308685           -1.575087           -1.288842
H                8.166105           -1.067871            0.191322
H                7.531386            0.157066           -0.940403
C                6.024916           -0.808093            0.296852
C                4.883430           -0.565627           -0.636614
C                3.506189           -0.160280           -0.250346
H                2.742807           -0.945082           -0.250651
C                3.195295            1.258336           -0.243042
C                1.787256            1.699394           -0.051392
C                1.555335            3.074006            0.113140
H                2.415588            3.748804            0.098251
O                4.866206           -0.726912           -1.838804
O                4.109116            2.066717           -0.373531
Zn              -2.230829           -2.752874            0.022157