50
 
C               -3.446119            1.401831            1.977220
H               -3.087268            0.610818            2.655892
H               -3.795444            2.243568            2.596832
H               -2.598536            1.763563            1.372439
C               -5.083888            2.010867            0.163846
H               -4.255724            2.451289           -0.413572
H               -5.532982            2.825612            0.752854
H               -5.853236            1.653814           -0.540516
C               -5.773701            0.472652            2.018192
H               -6.615547            0.070383            1.432431
H               -6.140232            1.342152            2.585153
H               -5.459576           -0.298339            2.736198
C               -4.623396            0.907821            1.116134
C               -4.081550           -0.280167            0.361263
C               -3.238960           -0.153692           -0.881829
C               -1.777258           -0.372514           -0.619634
C               -0.775767            0.674560           -0.736689
C               -1.108977            2.003181           -1.060407
H               -2.150161            2.288250           -1.233365
C               -0.114216            2.964732           -1.169527
H               -0.373900            3.994214           -1.426432
C                0.574506            0.329507           -0.529316
H                0.811793           -0.709936           -0.288109
O               -4.278555           -1.432342            0.793695
O               -1.434000           -1.544707           -0.306266
H               -3.490384            0.686513           -1.535705
C                5.628114            0.563494            1.774163
H                5.767674            1.518414            1.243742
H                6.337264            0.533015            2.617872
H                4.613759            0.558577            2.208817
C                5.631063           -1.939417            1.612278
H                4.606336           -2.007626            2.016108
H                6.322991           -2.007836            2.468165
H                5.808245           -2.815815            0.966857
C                7.320639           -0.600394            0.350444
H                7.529796           -1.452713           -0.313204
H                8.020602           -0.638961            1.200763
H                7.520777            0.319215           -0.221713
C                5.884965           -0.629784            0.854620
C                4.937874           -0.618760           -0.336532
C                3.442246           -0.411531           -0.089846
H                3.125553           -0.624376            0.948038
C                3.034112            0.999754           -0.428530
C                1.570446            1.291439           -0.634994
C                1.214841            2.610841           -0.955548
H                2.020828            3.346571           -1.037365
O                5.296737           -0.801959           -1.471792
O                3.834644            1.898601           -0.524410
H                2.910618           -1.120203           -0.747144
Zn              -3.289456           -2.227781           -0.822890