50
 
C               -6.366391            0.400278            1.343382
H               -6.526961           -0.690325            1.367861
H               -7.355353            0.876139            1.437354
H               -5.770472            0.675456            2.228249
C               -5.556110            2.397348            0.093550
H               -4.995933            2.736837            0.979181
H               -6.558354            2.848510            0.154466
H               -5.069504            2.794863           -0.811852
C               -6.547371            0.495195           -1.165221
H               -6.061397            0.779599           -2.112555
H               -7.514333            1.018533           -1.109830
H               -6.795383           -0.580953           -1.215534
C               -5.691021            0.880649            0.048895
C               -4.345380            0.192216           -0.048217
C               -3.138521            0.808765            0.060521
H               -3.165027            1.889971            0.179932
C               -1.840248            0.172790            0.057610
C               -0.622520            1.012271           -0.031661
C               -0.650835            2.389169           -0.313424
H               -1.596240            2.910699           -0.480094
C                0.533229            3.109729           -0.411921
H                0.503704            4.177519           -0.640557
C                1.756591            2.474635           -0.217299
H                0.659186           -0.683650            0.373671
O               -4.405070           -1.142779           -0.242430
O               -1.673385           -1.060921            0.159151
H               -5.323080           -1.422226           -0.394538
C                5.611563           -1.350415           -1.293301
H                5.005340           -2.100547           -0.763152
H                6.278744           -1.870429           -1.999518
H                4.929951           -0.719200           -1.890438
C                7.244955            0.541618           -1.106882
H                6.586091            1.204778           -1.693510
H                7.918426            0.034572           -1.816813
H                7.861459            1.160278           -0.434614
C                7.387958           -1.391850            0.496178
H                7.981847           -0.790555            1.201825
H                8.083139           -1.927073           -0.169879
H                6.825890           -2.138502            1.079134
C                6.451678           -0.520553           -0.326202
C                5.563240            0.264234            0.586187
C                4.342498            1.008645            0.172384
H                4.441620            2.094393            0.067164
C                3.066142            0.338514            0.290781
C                1.806621            1.102888            0.068667
C                0.612933            0.385207            0.152754
H                2.671883            3.068012           -0.291868
O                5.728394            0.474872            1.768564
O                3.043512           -0.859559            0.567031
Zn              -2.742564           -2.763587           -0.066777