50
 
C               -4.333523            2.392123            0.750638
H               -4.518521            2.129372            1.805517
H               -4.732628            3.406708            0.585270
H               -3.242877            2.439801            0.595356
C               -4.698152            1.766951           -1.652704
H               -3.614242            1.780127           -1.854317
H               -5.089702            2.771888           -1.882770
H               -5.167496            1.057334           -2.354046
C               -6.531366            1.466364            0.015145
H               -7.057998            0.763735           -0.648290
H               -6.900786            2.483598           -0.191972
H               -6.800518            1.203463            1.049805
C               -5.025111            1.410334           -0.199190
C               -4.521622            0.000516            0.078035
C               -3.094716           -0.276229           -0.022314
H               -2.406459            0.517747           -0.313665
C               -2.626310           -1.541350            0.211885
C               -1.197673           -1.920457            0.121169
C               -0.862249           -3.280411            0.078045
H               -1.665736           -4.019820            0.117242
C                0.468548           -3.685699           -0.015011
H                0.701785           -4.752829           -0.054405
C               -0.178080           -0.966000            0.091438
H               -0.445930            0.090381            0.156758
O               -5.308853           -0.903095            0.375478
O               -3.414658           -2.546064            0.519684
H               -4.351053           -2.172542            0.539261
C                3.401091            4.104421           -1.152076
H                4.479550            3.908187           -1.241435
H                3.253116            5.195022           -1.110625
H                2.899781            3.730581           -2.060168
C                1.333186            3.824800            0.222047
H                0.759047            3.489395           -0.657603
H                1.229171            4.919358            0.276292
H                0.868753            3.411018            1.132462
C                3.554406            3.993943            1.353252
H                3.164681            3.539745            2.279254
H                3.409090            5.083271            1.425585
H                4.634518            3.795397            1.293375
C                2.811011            3.470649            0.115893
C                3.047207            1.985258            0.035959
C                2.029950            1.028373            0.053533
H                1.005953            1.383275            0.129950
C                2.273572           -0.351165           -0.018269
C                1.165461           -1.349928            0.005458
C                1.468546           -2.729497           -0.052784
O                4.302725            1.654284           -0.052664
O                3.495312           -0.783174           -0.107002
H                4.374337            0.670518           -0.099770
Zn               3.390430           -2.741944           -0.164064