50
 
C               -5.800472           -2.039205           -0.114275
H               -6.558119           -1.443095           -0.648305
H               -6.332067           -2.834439            0.432302
H               -5.155978           -2.533891           -0.858549
C               -3.945972           -2.031888            1.593165
H               -3.271944           -2.544338            0.887222
H               -4.441480           -2.812878            2.191921
H               -3.335868           -1.425081            2.283896
C               -5.975817           -0.600792            1.926334
H               -5.444035            0.012776            2.669549
H               -6.488192           -1.416838            2.458751
H               -6.741322            0.033360            1.453789
C               -5.021112           -1.186951            0.895414
C               -4.308836           -0.077377            0.161499
C               -3.270604           -0.428709           -0.888384
H               -3.560756            0.125283           -1.806983
C               -1.898343            0.088736           -0.518120
C               -0.700122           -0.733444           -0.680718
C               -0.735358           -2.089624           -1.065176
H               -1.682718           -2.603134           -1.248237
C                0.444426           -2.800950           -1.223276
H                0.413537           -3.849855           -1.526296
C                0.540638           -0.121566           -0.453189
H                0.594030            0.928863           -0.155483
O               -4.527332            1.100740            0.415646
O               -1.800321            1.251533           -0.101691
H               -3.277167           -1.493630           -1.140165
C                5.357495            0.632431            2.009364
H                4.785533            1.552911            1.816606
H                5.949428            0.770337            2.928606
H                4.638624           -0.183391            2.202200
C                7.024506           -1.024104            1.139049
H                6.321206           -1.860007            1.296448
H                7.617676           -0.914336            2.061466
H                7.712869           -1.291140            0.320717
C                7.296028            1.417405            0.602298
H                7.959726            1.181640           -0.243880
H                7.919665            1.569622            1.497501
H                6.783451            2.365400            0.374559
C                6.295684            0.299716            0.852242
C                5.509688            0.039103           -0.395826
C                4.259956           -0.770853           -0.461403
C                2.998132           -0.084687           -0.363007
C                1.728534           -0.829898           -0.614029
C                1.671483           -2.175815           -1.001144
H                2.586432           -2.757553           -1.140902
O                5.801125            0.378663           -1.522050
O                2.968743            1.108902           -0.065419
H                4.357841           -1.790117           -0.849269
Zn              -3.323590            2.653522           -0.449142