50
 
C                4.979975            1.151050            0.402381
H                5.022364            1.531691           -0.631102
H                6.018720            1.041148            0.751489
H                4.505435            1.913443            1.042525
C                4.264123           -0.675709            1.946261
H                3.712459            0.026034            2.594463
H                5.297662           -0.734618            2.323044
H                3.808490           -1.672010            2.041874
C                5.028866           -1.212646           -0.383183
H                4.578306           -2.213950           -0.316155
H                6.074651           -1.280861           -0.043245
H                5.038342           -0.901638           -1.441177
C                4.277409           -0.197595            0.492072
C                2.854523           -0.167229           -0.033413
C                2.280121            1.012363           -0.557099
H                2.768811            1.957881           -0.315044
C                1.016596            1.057886           -1.168358
C                0.086496            2.185312           -0.899425
C                0.400427            3.418965           -0.311738
H                1.423632            3.806026           -0.339776
C               -0.590746            4.145775            0.351661
H               -0.343129            5.117197            0.786943
C               -1.242997            1.755269           -0.848818
H               -1.506009            0.838479           -1.374991
O                2.212759           -1.277350            0.109829
O                0.487123            0.022042           -1.724004
H               -1.071541            0.414271            0.954959
C               -2.656231           -3.000341            1.528956
H               -1.770690           -2.754592            2.136826
H               -2.702238           -4.095430            1.411348
H               -3.548913           -2.683493            2.089696
C               -3.877897           -2.667633           -0.629502
H               -4.784912           -2.359772           -0.087694
H               -3.943650           -3.758556           -0.764652
H               -3.890350           -2.195659           -1.625275
C               -1.404449           -2.844431           -0.636590
H               -1.208005           -2.250499           -1.559992
H               -1.571227           -3.866557           -1.013471
H               -0.510980           -3.026320            0.027616
C               -2.619921           -2.318317            0.157086
C               -2.473944           -0.820382            0.342566
C               -3.418684            0.114687            0.145903
H               -4.415001           -0.258902           -0.107469
C               -3.414711            1.610281            0.341770
C               -2.176495            2.363248           -0.020544
C               -1.859729            3.601264            0.555625
H               -2.600838            4.101088            1.186703
O               -1.176522           -0.542034            0.783778
O               -4.389177            2.147011            0.809883
Zn               0.394292           -1.352088           -0.407233