50
 
C               -4.943093           -2.322496           -0.427103
H               -5.723367           -1.921229           -1.094687
H               -5.299734           -3.295671           -0.055318
H               -4.037600           -2.518618           -1.022840
C               -3.483125           -1.917454            1.584235
H               -2.569475           -2.027256            0.977367
H               -3.735810           -2.911140            1.988233
H               -3.265800           -1.252997            2.436509
C               -5.918074           -1.326514            1.655389
H               -5.745721           -0.696204            2.539459
H               -6.181460           -2.338218            2.000272
H               -6.783392           -0.918494            1.109146
C               -4.681729           -1.403327            0.765624
C               -4.281086           -0.020230            0.316781
C               -3.373371            0.234328           -0.857726
H               -3.469848           -0.472942           -1.686921
C               -1.971986            0.581667           -0.448416
C               -0.823050           -0.274128           -0.710233
C               -0.944733           -1.540926           -1.316083
H               -1.924855           -1.927627           -1.607865
C                0.184892           -2.307916           -1.551808
H                0.092011           -3.288830           -2.023280
C                0.448146            0.199280           -0.351216
H                0.567511            1.180604            0.116955
O               -4.660127            0.975312            0.964139
O               -1.813485            1.690666            0.126866
C                5.567074            0.124487            2.038227
H                4.991410            1.058216            2.138173
H                6.279050            0.068605            2.878284
H                4.868759           -0.722036            2.153786
C                7.076700           -1.255398            0.584919
H                6.400550           -2.125608            0.638430
H                7.802370           -1.357002            1.408956
H                7.636907           -1.310552           -0.363250
C                7.336969            1.227867            0.660949
H                7.902053            1.219212           -0.283197
H                8.051118            1.148952            1.496566
H                6.827716            2.202002            0.730220
C                6.337532            0.081750            0.718485
C                5.385392            0.191495           -0.463112
C                4.168207           -0.734144           -0.519162
H                4.237617           -1.610133            0.152050
C                2.910038            0.023436           -0.181066
C                1.585614           -0.566864           -0.591457
C                1.444359           -1.822208           -1.193974
H                2.325925           -2.438220           -1.393846
O                5.549515            0.954019           -1.381095
O                2.928907            1.076440            0.410580
H                4.105346           -1.118469           -1.551575
Zn              -3.717927            2.225531           -0.364169