50
 
C                3.931736           -3.051133            1.478652
H                4.990582           -2.818435            1.293633
H                3.847532           -4.134235            1.660028
H                3.610227           -2.532643            2.397363
C                1.610273           -3.087995            0.568607
H                1.214079           -2.629715            1.489718
H                1.578916           -4.178675            0.715551
H                0.932042           -2.857129           -0.269571
C                3.541159           -3.390248           -0.980301
H                2.935915           -3.117951           -1.861098
H                3.449045           -4.478092           -0.835234
H                4.595800           -3.163880           -1.194012
C                3.047861           -2.671050            0.282437
C                3.211197           -1.179288            0.054497
C                2.127362           -0.294025            0.136281
H                1.183972           -0.768489            0.393487
C                2.054368            1.110038           -0.033644
C                0.778474            1.821223            0.092345
C                0.795733            3.224526            0.191611
H                1.753099            3.748595            0.168910
C               -0.387660            3.936339            0.332592
H               -0.361740            5.025052            0.420673
C               -0.459611            1.154044            0.117515
H               -0.502382            0.067711            0.012442
O                4.449153           -0.844741           -0.210285
O                3.077507            1.882446           -0.293899
C               -5.621611           -0.011342           -1.538161
H               -5.917647            0.935419           -1.060375
H               -6.393493           -0.277826           -2.279031
H               -4.688040            0.165868           -2.099280
C               -5.033863           -2.426541           -1.210599
H               -4.070533           -2.306684           -1.735832
H               -5.781228           -2.722832           -1.965424
H               -4.936041           -3.256228           -0.490764
C               -6.832325           -1.377331            0.168947
H               -6.764318           -2.188149            0.909473
H               -7.595752           -1.647701           -0.578455
H               -7.172027           -0.473971            0.699790
C               -5.493689           -1.138339           -0.514773
C               -4.444137           -0.819864            0.541170
C               -3.082892           -0.285988            0.094240
H               -2.836996           -0.517628           -0.958723
C               -3.002021            1.210401            0.281809
C               -1.647909            1.865000            0.251387
C               -1.602876            3.261838            0.365085
H               -2.551748            3.794528            0.477335
O               -4.612102           -1.010222            1.718986
O               -3.989232            1.888595            0.437366
H               -2.328942           -0.781453            0.729058
Zn               4.648988            0.956144           -0.444506