50
 
C               -6.046389           -0.197570            1.678567
H               -6.093568           -1.294203            1.572906
H               -7.062012            0.147129            1.929358
H               -5.388585            0.033377            2.531800
C               -5.589353            2.017452            0.634310
H               -4.974292            2.310987            1.499819
H               -6.620650            2.336410            0.849639
H               -5.249298            2.576577           -0.252318
C               -6.506092            0.179183           -0.767693
H               -6.159157            0.635518           -1.708822
H               -7.511376            0.571911           -0.550613
H               -6.639444           -0.904266           -0.940563
C               -5.568694            0.512121            0.401860
C               -4.178740            0.002738            0.080816
C               -3.041267            0.747444            0.135571
H               -3.168258            1.788261            0.425002
C               -1.697446            0.299976           -0.147397
C               -0.600726            1.297380           -0.174767
C               -0.812899            2.683214           -0.200813
H               -1.824070            3.096649           -0.190037
C                0.267195            3.560515           -0.269162
H                0.089826            4.638230           -0.296897
C                0.713450            0.811861           -0.217278
H                0.844435           -0.272403           -0.214356
O               -4.116237           -1.299347           -0.260235
O               -1.386220           -0.889173           -0.369963
H               -5.009538           -1.674104           -0.334990
C                5.928844            0.368209            1.593772
H                6.151651            1.330505            1.108536
H                6.670367            0.194242            2.389986
H                4.940211            0.449925            2.079291
C                5.616666           -2.103286            1.313615
H                4.619388           -2.059461            1.784461
H                6.351378           -2.287525            2.114096
H                5.644227           -2.960036            0.620817
C                7.338584           -0.899397           -0.071224
H                7.362634           -1.724913           -0.799443
H                8.115486           -1.086128            0.686848
H                7.594503            0.029656           -0.604575
C                5.978324           -0.788714            0.599616
C                4.917029           -0.624348           -0.439466
C                3.515630           -0.187638           -0.200464
C                3.214456            1.227051           -0.330503
C                1.799209            1.684136           -0.275855
C                1.564244            3.068077           -0.301862
H                2.427054            3.737584           -0.356211
O                4.995452           -0.881783           -1.622090
O                4.139861            2.019969           -0.473359
H                2.749726           -0.969775           -0.214146
Zn              -2.259854           -2.739730           -0.319142