50
 
C                5.095383            1.985461           -0.035491
H                5.857192            1.574510           -0.718382
H                5.554548            2.835494            0.492742
H                4.266158            2.391466           -0.636251
C                3.464443            1.516328            1.824853
H                2.618238            1.846440            1.200638
H                3.824956            2.393331            2.386375
H                3.100274            0.776012            2.555905
C                5.785672            0.575646            1.918532
H                5.470208           -0.141460            2.689823
H                6.160287            1.479894            2.422298
H                6.622053            0.128172            1.358295
C                4.633309            0.954930            0.994190
C                4.081655           -0.279063            0.325352
C                3.228029           -0.234425           -0.917624
H                3.476036            0.560268           -1.627610
C                1.768095           -0.424980           -0.619276
C                0.775541            0.627622           -0.762258
C                1.110177            1.924140           -1.195641
H                2.143194            2.175234           -1.450865
C                0.126493            2.896428           -1.309958
H                0.386419            3.900317           -1.653367
C               -0.563989            0.326471           -0.446185
H               -0.802234           -0.688456           -0.117499
O                4.279345           -1.400706            0.830481
O                1.422504           -1.574690           -0.236326
C               -6.079676           -0.150855           -1.160881
H               -6.129879            0.948490           -1.119750
H               -6.990922           -0.517556           -1.661689
H               -5.226974           -0.430003           -1.803298
C               -5.866598           -2.285111            0.139671
H               -4.990532           -2.604647           -0.450374
H               -6.760938           -2.694749           -0.358655
H               -5.798567           -2.746804            1.138806
C               -7.231882           -0.398662            1.043421
H               -7.189725           -0.825926            2.056539
H               -8.134238           -0.780877            0.539357
H               -7.330713            0.692992            1.150713
C               -5.991818           -0.759437            0.238413
C               -4.757422           -0.258279            0.973409
C               -3.402648           -0.310735            0.264243
H               -3.375741           -0.999374           -0.600549
C               -2.996302            1.060248           -0.213809
C               -1.546874            1.302445           -0.546401
C               -1.191168            2.587607           -0.984340
H               -1.987103            3.334747           -1.060779
O               -4.778833            0.150908            2.106246
O               -3.791912            1.958116           -0.350866
H               -2.671687           -0.681622            1.002320
Zn               3.273945           -2.297653           -0.723745