50
 
C               -1.390971            2.796534            0.404531
H               -1.825175            3.092310            1.373979
H               -0.901346            3.688209           -0.016690
H               -0.590713            2.059783            0.581514
C               -1.793812            1.724029           -1.837378
H               -1.095964            0.903794           -1.603829
H               -1.212238            2.520875           -2.328388
H               -2.546861            1.361572           -2.555895
C               -3.371536            3.470243           -0.977543
H               -4.130874            3.157538           -1.708399
H               -2.766638            4.270551           -1.430550
H               -3.891458            3.892817           -0.102820
C               -2.457881            2.314320           -0.578932
C               -3.283886            1.189023           -0.005914
C               -2.722874            0.122394            0.900582
H               -1.913058            0.447984            1.560570
C               -2.505752           -1.184996            0.188486
C               -1.182666           -1.690623           -0.146368
C               -1.056847           -2.948495           -0.771175
H               -1.955300           -3.538842           -0.967573
C                0.197373           -3.415148           -1.129688
H                0.300780           -4.390583           -1.610564
C               -0.035585           -0.933398            0.112079
H               -0.080908            0.040374            0.605616
O               -4.486652            1.079888           -0.315443
O               -3.534245           -1.840277           -0.116255
C                5.151385            0.457498            1.934322
H                4.371617            1.224773            2.064994
H                5.937591            0.635753            2.686470
H                4.705836           -0.525541            2.163362
C                6.791792           -0.606470            0.360054
H                6.361258           -1.608918            0.523405
H                7.604111           -0.479082            1.094715
H                7.244171           -0.584150           -0.645294
C                6.439648            1.866333            0.320391
H                6.880353            1.937781           -0.685465
H                7.240613            2.010814            1.063322
H                5.718405            2.692370            0.422440
C                5.765548            0.519105            0.534996
C                4.686050            0.328126           -0.518706
C                3.760669           -0.886585           -0.415710
H                4.114991           -1.669444            0.280105
C                2.380761           -0.465438            0.014165
C                1.224701           -1.386805           -0.266500
C                1.332777           -2.636488           -0.886175
H                2.312755           -3.018625           -1.186889
O                4.524212            1.073628           -1.451301
O                2.173114            0.584853            0.578939
H                3.716497           -1.342232           -1.419467
Zn              -4.686108           -0.525453            0.962024