50
 
C               -3.947665            3.315255            1.184335
H               -4.904190            2.926138            1.572846
H               -4.062697            4.406418            1.089348
H               -3.170451            3.119149            1.940227
C               -2.265503            3.382281           -0.650408
H               -1.446744            3.252345            0.074917
H               -2.430530            4.464895           -0.761656
H               -1.938291            2.997343           -1.629589
C               -4.659896            3.005811           -1.211584
H               -4.418911            2.561000           -2.190575
H               -4.761155            4.093425           -1.349269
H               -5.657617            2.642250           -0.907648
C               -3.557229            2.725706           -0.180306
C               -3.408346            1.227872           -0.015176
C               -2.246676            0.535950           -0.164763
H               -1.382039            1.121426           -0.469615
C               -2.041301           -0.879154            0.033740
C               -0.680165           -1.432891           -0.150229
C               -0.543559           -2.828693           -0.270059
H               -1.441824           -3.449666           -0.246356
C                0.710392           -3.402351           -0.420486
H                0.808049           -4.485292           -0.525873
C                1.847373           -2.597180           -0.434415
H                0.430690            0.451166           -0.056001
O               -4.542727            0.579108            0.320498
O               -2.938924           -1.685904            0.363257
H               -5.287774            1.199835            0.375227
C                5.289243            1.050621            1.743385
H                4.580568            1.857735            1.502845
H                5.920764            1.374427            2.586339
H                4.708658            0.175947            2.086354
C                7.118175           -0.452009            0.919284
H                6.563212           -1.350730            1.239079
H                7.756568           -0.141348            1.762229
H                7.774148           -0.723200            0.076201
C                6.975681            1.914866            0.079559
H                7.604528            1.666966           -0.789486
H                7.632488            2.269488            0.889627
H                6.309488            2.742553           -0.211042
C                6.178219            0.708929            0.550750
C                5.350129            0.180464           -0.577822
C                4.229798           -0.790761           -0.444083
C                2.889939           -0.268687           -0.302756
C                1.734328           -1.206702           -0.300859
C                0.465655           -0.635987           -0.163258
H                2.825446           -3.071773           -0.550384
O                5.499053            0.399270           -1.760714
O                2.724958            0.944408           -0.176486
H                4.440729           -1.826181           -0.731582
Zn              -4.967451           -1.716314            0.330076