50
 
C               -1.534878            1.487324            2.024996
H               -2.319963            1.035458            2.653429
H               -0.959368            2.182880            2.656947
H               -0.845793            0.693898            1.693185
C               -1.030075            2.843217           -0.034712
H               -0.300986            2.077754           -0.345695
H               -0.473172            3.604860            0.533045
H               -1.430002            3.333403           -0.937643
C               -3.009202            3.411530            1.392660
H               -3.492614            3.973977            0.578107
H               -2.380430            4.112295            1.962972
H               -3.797766            3.035653            2.060286
C               -2.140617            2.280063            0.852821
C               -2.994725            1.296063            0.091358
C               -2.429928            0.278928           -0.867409
C               -2.402918           -1.110161           -0.294192
C               -1.178382           -1.800174            0.076192
C               -1.271650           -3.114469            0.574618
H               -2.255239           -3.585616            0.642215
C               -0.127713           -3.787934            0.976228
H               -0.199743           -4.806805            1.363798
C                0.082402           -1.184287           -0.022195
H                0.162576           -0.169916           -0.420962
O               -4.227606            1.272052            0.271463
O               -3.518511           -1.675972           -0.144146
H               -1.531680            0.592417           -1.407644
C                5.454025           -0.516478           -1.402869
H                5.652802           -1.327032           -0.684869
H                6.318789           -0.440908           -2.082479
H                4.588339           -0.810649           -2.020795
C                4.928896            1.913746           -1.724903
H                4.029016            1.684580           -2.321614
H                5.770364            2.011527           -2.430746
H                4.783548            2.892222           -1.237591
C                6.508316            1.201158            0.075249
H                6.388714            2.167375            0.587508
H                7.365646            1.273458           -0.613234
H                6.743862            0.447123            0.842874
C                5.251412            0.822070           -0.695202
C                4.072051            0.780395            0.265025
C                2.754962            0.154521           -0.199391
H                2.642240            0.111948           -1.298697
C                2.604117           -1.244609            0.348235
C                1.228928           -1.853255            0.390273
C                1.112052           -3.159942            0.888814
H                2.029937           -3.664218            1.206139
O                4.098490            1.261136            1.369762
O                3.549650           -1.882017            0.744840
H                1.950716            0.798359            0.196376
Zn              -4.430614           -0.173729           -1.180128