50
 
C               -3.931911            3.050674            1.479168
H               -4.990731            2.817965            1.294018
H               -3.847779            4.133731            1.660846
H               -3.610463            2.531936            2.397763
C               -1.610394            3.087891            0.569237
H               -1.214234            2.629528            1.490319
H               -1.579090            4.178557            0.716303
H               -0.932097            2.857138           -0.268917
C               -3.541228            3.390443           -0.979671
H               -2.935784            3.118578           -1.860461
H               -3.449416            4.478262           -0.834217
H               -4.595786            3.163886           -1.193617
C               -3.047947            2.670947            0.282912
C               -3.211188            1.179226            0.054602
C               -2.127331            0.293984            0.136400
H               -1.184012            0.768404            0.393962
C               -2.054254           -1.110044           -0.033743
C               -0.778369           -1.821214            0.092459
C               -0.795612           -3.224517            0.191727
H               -1.752961           -3.748611            0.168888
C                0.387790           -3.936282            0.332910
H                0.361898           -5.024997            0.420989
C                0.459682           -1.153976            0.117796
H                0.502372           -0.067643            0.012653
O               -4.449076            0.844656           -0.210457
O               -3.077304           -1.882484           -0.294348
C                5.621110            0.010721           -1.538092
H                5.917587           -0.935659           -1.059829
H                6.392590            0.276919           -2.279485
H                4.687314           -0.167090           -2.098648
C                5.033103            2.426025           -1.211847
H                4.069699            2.305655           -1.736822
H                5.780256            2.722032           -1.966990
H                4.935248            3.256132           -0.492497
C                6.832167            1.377973            0.167775
H                6.764284            2.189280            0.907781
H                7.595321            1.647951           -0.580047
H                7.172156            0.475026            0.699131
C                5.493350            1.138347           -0.515361
C                4.444240            0.820143            0.541102
C                3.082844            0.286117            0.094841
H                2.836362            0.517712           -0.957994
C                3.002066           -1.210250            0.282604
C                1.647978           -1.864894            0.251889
C                1.602967           -3.261730            0.365614
H                2.551840           -3.794378            0.478059
O                4.612709            1.010725            1.718808
O                3.989254           -1.888374            0.438588
H                2.329149            0.781517            0.730032
Zn              -4.648759           -0.956184           -0.445197