50
 
C                3.452531           -1.908206            1.542228
H                3.241184           -1.245972            2.397684
H                3.695013           -2.906325            1.941518
H                2.538358           -2.006377            0.934198
C                4.908527           -2.317474           -0.471064
H                4.000886           -2.498928           -1.068091
H                5.252832           -3.297249           -0.105039
H                5.694269           -1.921809           -1.135614
C                5.893995           -1.345080            1.617879
H                6.764056           -0.942788            1.074896
H                6.146083           -2.361898            1.956073
H                5.727678           -0.719035            2.506107
C                4.657362           -1.402666            0.726929
C                4.272152           -0.012111            0.287913
C                3.373549            0.263518           -0.890534
C                1.970881            0.606921           -0.479144
C                0.823897           -0.253261           -0.736075
C                0.943170           -1.502708           -1.377242
H                1.917962           -1.866309           -1.713218
C               -0.182494           -2.281374           -1.592965
H               -0.092348           -3.246269           -2.096934
C               -0.441483            0.193410           -0.326183
H               -0.560457            1.165486            0.161037
O                4.654371            0.973884            0.947242
O                1.813070            1.711695            0.102934
H                3.472130           -0.433657           -1.728063
C               -5.929723            1.448935           -0.758640
H               -5.289605            2.173757           -0.231401
H               -6.805247            1.989053           -1.155422
H               -5.369209            1.066317           -1.628723
C               -7.233287           -0.689223           -0.602493
H               -6.677693           -1.138686           -1.443112
H               -8.122176           -0.194685           -1.028242
H               -7.584568           -1.502465            0.054081
C               -7.242353            0.926448            1.302779
H               -7.591442            0.144197            1.993422
H               -8.121942            1.444001            0.886919
H               -6.660465            1.651092            1.893926
C               -6.403235            0.337502            0.178018
C               -5.217818           -0.404305            0.777358
C               -4.114459           -0.909891           -0.154511
H               -4.411818           -0.959279           -1.218427
C               -2.888410           -0.040319           -0.045604
C               -1.571981           -0.594400           -0.526036
C               -1.433104           -1.833098           -1.162526
H               -2.310155           -2.463366           -1.336092
O               -5.108945           -0.644285            1.952828
O               -2.928550            1.080576            0.402986
H               -3.871222           -1.937839            0.164366
Zn               3.725068            2.244612           -0.372809