50
 
C               -4.257876            3.086446            1.204646
H               -5.289463            2.716609            1.297224
H               -4.291606            4.186930            1.175818
H               -3.694058            2.793334            2.105992
C               -2.186747            3.181466           -0.182163
H               -1.555599            2.951490            0.691757
H               -2.281928            4.277290           -0.229136
H               -1.659439            2.865611           -1.097101
C               -4.406051            2.973026           -1.301333
H               -3.949051            2.599216           -2.232784
H               -4.444326            4.071775           -1.366668
H               -5.438508            2.599179           -1.239414
C               -3.578972            2.571657           -0.072184
C               -3.570932            1.055794           -0.003316
C               -2.377804            0.319926           -0.032684
C               -2.138614           -1.073418            0.017477
C               -0.770849           -1.606528           -0.029036
C               -0.583013           -3.003051           -0.058900
H               -1.454123           -3.660642           -0.043531
C                0.693900           -3.539638           -0.112690
H                0.828768           -4.623490           -0.137670
C                0.357167           -0.776464           -0.045700
H                0.297146            0.314566           -0.010949
O               -4.775942            0.549538            0.083201
O               -3.070191           -1.988473            0.101073
H               -1.482050            0.929740           -0.113283
C                5.323325            1.207922            1.633867
H                4.528108            1.940838            1.424341
H                6.020801            1.655639            2.361115
H                4.863061            0.335299            2.127983
C                7.135814           -0.239306            0.677246
H                6.695836           -1.152280            1.113299
H                7.857972            0.155978            1.410923
H                7.698751           -0.525077           -0.226780
C                6.771195            2.065551           -0.213644
H                7.324819            1.821922           -1.132802
H                7.478947            2.483737            0.520409
H                6.035813            2.844633           -0.469644
C                6.086963            0.834729            0.363312
C                5.145463            0.252035           -0.681118
C                4.184409           -0.862652           -0.267238
H                4.464987           -1.372654            0.672782
C                2.782595           -0.329383           -0.117641
C                1.642665           -1.310286           -0.103840
C                1.806320           -2.698574           -0.139905
H                2.807523           -3.136358           -0.186451
O                5.133633            0.604288           -1.833209
O                2.552740            0.852661           -0.001520
H                4.205649           -1.621689           -1.067886
Zn              -4.754790           -1.275041            0.154839