50
 
C               -6.432927            0.395861            1.350974
H               -6.686055           -0.674270            1.343050
H               -7.372096            0.967682            1.414698
H               -5.846669            0.613903            2.259259
C               -5.424751            2.314107            0.117499
H               -4.851325            2.623566            1.006746
H               -6.393412            2.835493            0.163129
H               -4.908557            2.674733           -0.787448
C               -6.509594            0.467388           -1.159451
H               -5.979416            0.738008           -2.087886
H               -7.449954            1.040176           -1.132884
H               -6.763389           -0.601985           -1.197179
C               -5.675741            0.811564            0.082443
C               -4.402737           -0.012989            0.017805
C               -3.134040            0.583201           -0.011174
H               -3.149288            1.668916            0.035474
C               -1.840866            0.011334           -0.078563
C               -0.638007            0.853585           -0.104409
C               -0.686336            2.256932           -0.223559
H               -1.637575            2.784241           -0.323256
C                0.484394            2.998960           -0.234518
H                0.436739            4.085831           -0.333645
C                1.720907            2.363097           -0.117637
H                0.694568           -0.856253            0.080238
O               -4.640109           -1.300118           -0.006187
O               -1.596876           -1.271135           -0.114356
C                5.855742           -1.051736           -1.477229
H                5.198258           -1.886596           -1.187522
H                6.625155           -1.441729           -2.164080
H                5.253887           -0.325350           -2.049599
C                7.392411            0.767862           -0.689432
H                6.810977            1.543893           -1.215646
H                8.178443            0.424532           -1.382510
H                7.889782            1.236338            0.176019
C                7.408921           -1.461092            0.437164
H                7.905357           -1.034757            1.321746
H                8.183258           -1.828881           -0.255508
H                6.811407           -2.321229            0.778432
C                6.534211           -0.427827           -0.257931
C                5.499750            0.094902            0.728990
C                4.368498            0.981959            0.209738
H                4.572357            1.438281           -0.776491
C                3.079961            0.204340            0.117542
C                1.791802            0.971525           -0.003770
C                0.612435            0.229456           -0.006441
H                2.633050            2.966543           -0.120464
O                5.539467           -0.131132            1.911786
O                3.055296           -1.004655            0.130742
H                4.247735            1.807849            0.931650
Zn              -3.109656           -2.297907           -0.068682