50
 
C               -5.390756           -2.318156            0.393044
H               -4.928859           -2.723210           -0.522410
H               -6.350596           -2.840874            0.526272
H               -4.760809           -2.578261            1.259560
C               -6.330566           -0.341365            1.587707
H               -5.684601           -0.509617            2.465612
H               -7.259733           -0.912076            1.742768
H               -6.590670            0.726141            1.540399
C               -6.571770           -0.546733           -0.904867
H               -6.836400            0.517822           -0.982146
H               -7.503518           -1.121858           -0.786061
H               -6.101694           -0.863610           -1.850828
C               -5.655272           -0.820696            0.295391
C               -4.395520            0.004910            0.106522
C               -3.124980           -0.584866            0.044000
C               -1.843041           -0.010352           -0.130127
C               -0.638018           -0.847350           -0.188025
C               -0.685861           -2.251158           -0.299716
H               -1.639138           -2.780957           -0.360852
C                0.486706           -2.987893           -0.362799
H                0.439815           -4.075315           -0.456161
C                0.612203           -0.217151           -0.142822
H                0.692848            0.868538           -0.053653
O               -4.645021            1.286743            0.016294
O               -1.610689            1.269530           -0.245039
H               -3.126295           -1.665853            0.158573
C                5.781427            0.793139            1.758919
H                5.126365            1.660173            1.578535
H                6.518602            1.073139            2.529651
H                5.166303           -0.017862            2.184744
C                7.359057           -0.878318            0.753276
H                6.758009           -1.728891            1.117375
H                8.110887           -0.655553            1.528655
H                7.897618           -1.199304           -0.153782
C                7.413729            1.504376            0.005655
H                7.950062            1.226741           -0.914108
H                8.155731            1.752879            0.781770
H                6.827174            2.409875           -0.216547
C                6.514941            0.373782            0.485096
C                5.526724            0.020331           -0.617527
C                4.377692           -0.935819           -0.298317
H                4.539329           -1.543873            0.610858
C                3.082518           -0.179863           -0.141417
C                1.793798           -0.952999           -0.204748
C                1.724180           -2.344905           -0.316646
H                2.638218           -2.943244           -0.369264
O                5.617120            0.434123           -1.745484
O                3.052703            1.015471            0.039557
H                4.293843           -1.635805           -1.147321
Zn              -3.128951            2.288015           -0.188995