50
 
C                4.374163            3.088685           -1.266305
H                5.394098            2.673836           -1.201253
H                4.477823            4.181960           -1.349961
H                3.916286            2.718604           -2.197712
C                2.145070            3.425957           -0.207442
H                1.640114            3.122216           -1.138226
H                2.286838            4.516408           -0.257737
H                1.476939            3.219360            0.643990
C                4.165056            3.274115            1.236383
H                3.577626            3.010772            2.130673
H                4.236200            4.371673            1.187681
H                5.197377            2.909804            1.385892
C                3.501895            2.752367           -0.046854
C                3.383026            1.245723            0.046358
C                2.228243            0.541230           -0.095948
H                1.336128            1.127472           -0.305304
C                2.061297           -0.888950            0.016235
C                0.696378           -1.456504           -0.068319
C                0.566790           -2.846133           -0.251485
H                1.470578           -3.449581           -0.361194
C               -0.687928           -3.436198           -0.290017
H               -0.781679           -4.514211           -0.440022
C               -1.830215           -2.655359           -0.126367
H               -0.422874            0.396768            0.252868
O                4.545026            0.598526            0.273453
O                2.998688           -1.696945            0.198471
H                5.266042            1.232905            0.419707
C               -5.308391            1.514003           -1.355211
H               -4.608808            2.218396           -0.879718
H               -5.944762            2.071231           -2.061576
H               -4.718475            0.791198           -1.946141
C               -7.110964           -0.197021           -1.027001
H               -6.540451           -0.949160           -1.598653
H               -7.755852            0.339874           -1.741485
H               -7.761521           -0.719218           -0.306727
C               -7.010424            1.813368            0.481445
H               -7.632707            1.307175            1.235570
H               -7.675231            2.381009           -0.188809
H               -6.358983            2.529085            1.007444
C               -6.192190            0.816559           -0.323977
C               -5.348951           -0.004902            0.599298
C               -4.227415           -0.888420            0.178399
H               -4.444964           -1.958993            0.100792
C               -2.883724           -0.358654            0.249193
C               -1.723017           -1.271301            0.066205
C               -0.454769           -0.683176            0.086702
H               -2.807359           -3.145134           -0.146759
O               -5.484761           -0.132741            1.797133
O               -2.721168            0.844044            0.453968
Zn               5.013725           -1.666629           -0.047843