50
 
C               -4.761252           -1.212905           -1.884740
H               -4.185889           -0.288082           -2.068845
H               -5.336168           -1.426159           -2.800206
H               -4.047159           -2.033358           -1.716954
C               -6.521189           -2.326355           -0.458911
H               -5.854649           -3.178476           -0.252111
H               -7.126715           -2.569987           -1.346064
H               -7.200456           -2.211951            0.399979
C               -6.665345            0.135215           -0.963916
H               -7.372749            0.274973           -0.130545
H               -7.249029           -0.059997           -1.878035
H               -6.112000            1.077209           -1.120899
C               -5.724281           -1.055971           -0.711010
C               -4.968576           -0.684322            0.522091
C               -3.851442            0.295592            0.604039
H               -4.097475            1.289826            0.991594
C               -2.505231           -0.211756            0.507821
C               -1.388022            0.730983            0.738770
C               -1.528059            2.048612            1.217009
H               -2.511489            2.446333            1.479032
C               -0.419428            2.851858            1.408751
H               -0.535160            3.852423            1.832213
C               -0.098373            0.241062            0.451975
H               -0.023769           -0.781372            0.067933
O               -5.167969           -1.056353            1.658219
O               -2.309441           -1.389054            0.204192
C                5.796343           -2.581071            0.900112
H                6.577232           -1.962459            0.433869
H                6.183655           -3.607371            0.999589
H                5.601770           -2.194434            1.914179
C                3.487098           -3.519202            0.714375
H                3.242197           -3.198502            1.740310
H                3.900312           -4.537320            0.783877
H                2.554295           -3.587210            0.130756
C                4.832496           -3.124862           -1.354546
H                3.931997           -3.137093           -1.990749
H                5.208497           -4.157664           -1.283184
H                5.601517           -2.512599           -1.848101
C                4.514689           -2.608351            0.055663
C                4.024345           -1.191152           -0.077763
C                2.771510           -0.746005            0.347049
H                2.095751           -1.443240            0.841243
C                2.369442            0.591581            0.189193
C                1.019319            1.037474            0.615076
C                0.863388            2.375067            1.089571
H                1.740769            2.905918            1.483088
O                4.878865           -0.382333           -0.634868
O                3.122270            1.483627           -0.331320
H                4.491015            0.528198           -0.677406
Zn               1.961643            3.166411           -0.887267