50
 
C                1.719176            2.393799           -1.208303
H                1.970486            1.759468           -2.075673
H                1.407566            3.375403           -1.599728
H                0.845844            1.960961           -0.694156
C                2.517906            3.388653            0.965236
H                1.681728            2.931797            1.518195
H                2.186732            4.390920            0.649874
H                3.365630            3.523268            1.656481
C                4.038920            3.326260           -1.023297
H                4.928974            3.459004           -0.389581
H                3.683218            4.322882           -1.326616
H                4.349351            2.782983           -1.929034
C                2.927711            2.595019           -0.282670
C                3.402576            1.228518            0.141517
C                2.445429            0.297695            0.861530
H                1.511687            0.792579            1.145218
C                2.222704           -0.988391            0.098597
C                0.879167           -1.522435           -0.099864
C                0.759785           -2.822432           -0.641202
H                1.668522           -3.383836           -0.871388
C               -0.490306           -3.371327           -0.866563
H               -0.580554           -4.379576           -1.277024
C               -0.281133           -0.797124            0.193673
H               -0.266213            0.213496            0.611025
O                4.540587            0.841813           -0.103027
O                3.209495           -1.600227           -0.340403
H                2.953723            0.001349            1.804161
C               -5.040590            1.618758           -1.072824
H               -4.366727            2.237147           -0.460238
H               -5.638756            2.281937           -1.718493
H               -4.420783            0.988627           -1.734774
C               -6.856728           -0.106902           -1.102812
H               -6.255761           -0.770320           -1.748366
H               -7.461408            0.536103           -1.762916
H               -7.546086           -0.725604           -0.505484
C               -6.839372            1.653943            0.691454
H               -7.503570            1.046508            1.325372
H               -7.464707            2.321640            0.077684
H               -6.218655            2.276745            1.354958
C               -5.977162            0.780811           -0.206550
C               -5.189100           -0.180576            0.631234
C               -4.044755           -0.995378            0.130570
C               -2.714148           -0.478969            0.294301
C               -1.543272           -1.341665           -0.040734
C               -1.639500           -2.635299           -0.567740
H               -2.616176           -3.088997           -0.756746
O               -5.405345           -0.479237            1.785261
O               -2.536764            0.669799            0.704882
H               -4.249606           -2.050793           -0.076868
Zn               5.126264           -1.150621            0.367904