50
 
C                5.484830           -1.587927            1.726952
H                5.430590           -0.819750            2.515664
H                6.405110           -2.171059            1.893331
H                4.633727           -2.275945            1.852701
C                5.579702           -2.045587           -0.746237
H                4.735339           -2.749479           -0.673784
H                6.504174           -2.634454           -0.632522
H                5.584549           -1.614251           -1.760784
C                6.798783           -0.091842            0.220914
H                6.871560            0.396613           -0.763228
H                7.690924           -0.722950            0.354842
H                6.818120            0.695714            0.988954
C                5.548020           -0.954291            0.329060
C                4.304827           -0.097262            0.157620
C                3.020797           -0.766827            0.117069
H                2.998897           -1.818568            0.407267
C                1.831062           -0.238386           -0.275167
C                0.579597           -1.000435           -0.347301
C                0.578307           -2.367538           -0.678670
H                1.516390           -2.870196           -0.930845
C               -0.616506           -3.071372           -0.721276
H               -0.613813           -4.131049           -0.986883
C               -0.634903           -0.364871           -0.076511
H               -0.698327            0.689277            0.219398
O                4.438078            1.138955            0.087187
O                1.738239            1.068601           -0.623771
H                0.869895            1.258153           -1.018029
C               -5.748081            1.374535           -1.172963
H               -5.089710            2.128205           -0.714332
H               -6.475818            1.889699           -1.820616
H               -5.131293            0.729135           -1.823030
C               -7.351712           -0.515245           -0.801631
H               -6.742858           -1.194319           -1.423080
H               -8.083030           -0.027180           -1.466225
H               -7.909018           -1.115816           -0.064412
C               -7.364204            1.456095            0.759583
H               -7.889815            0.872031            1.530717
H               -8.118423            1.970333            0.143024
H               -6.758141            2.220557            1.271051
C               -6.498114            0.565749           -0.117463
C               -5.529376           -0.193086            0.736345
C               -4.352287           -0.948579            0.221104
C               -3.074476           -0.287703            0.199287
C               -1.840615           -1.068219           -0.116339
C               -1.822228           -2.429277           -0.438128
H               -2.748664           -3.008017           -0.479589
O               -5.593246           -0.360617            1.934824
O               -2.999313            0.918700            0.438237
H               -4.458761           -2.036242            0.150702
Zn               3.220927            2.733561           -0.177320