50
 
C               -1.428690            2.092060            1.625418
H               -1.773346            1.342273            2.357835
H               -1.088706            2.972285            2.193882
H               -0.547277            1.692229            1.098670
C               -2.015789            3.481496           -0.395246
H               -1.176239            3.061357           -0.971998
H               -1.641609            4.390141            0.102685
H               -2.806481            3.791127           -1.097741
C               -3.668960            3.205848            1.466173
H               -4.500079            3.512235            0.813099
H               -3.271011            4.106492            1.957997
H               -4.078343            2.543611            2.244488
C               -2.556722            2.526267            0.678910
C               -3.088378            1.294686           -0.006952
C               -2.141149            0.420357           -0.810925
H               -1.144909            0.864865           -0.882866
C               -2.128854           -1.007403           -0.306112
C               -0.890121           -1.678780            0.063912
C               -0.970575           -2.999549            0.548501
H               -1.950635           -3.475182            0.627794
C                0.180430           -3.674030            0.926058
H                0.113825           -4.695869            1.307032
C                0.371937           -1.063555           -0.046249
H                0.453474           -0.041260           -0.420548
O               -4.272268            0.979500            0.073403
O               -3.212744           -1.604560           -0.207019
H               -2.555678            0.381967           -1.839243
C                5.921940           -0.596092           -1.220908
H                5.498346           -1.477413           -0.717313
H                7.006207           -0.764489           -1.327376
H                5.503468           -0.528901           -2.240502
C                6.425607            1.854833           -1.079077
H                6.106919            2.004008           -2.124212
H                7.507720            1.649041           -1.081439
H                6.253741            2.794111           -0.532895
C                6.165472            0.527359            1.022977
H                6.005208            1.459912            1.588130
H                7.246534            0.311536            1.021044
H                5.650140           -0.298987            1.534780
C                5.687906            0.685700           -0.427369
C                4.217342            1.032841           -0.389187
C                3.086212            0.082783           -0.457242
C                2.894427           -1.114293            0.324828
C                1.528193           -1.738836            0.336300
C                1.419315           -3.044642            0.834287
H                2.336869           -3.546008            1.155228
O                3.802878            2.175151           -0.266539
O                3.796691           -1.647593            0.963780
H                2.251120            0.492524           -1.032493
Zn              -5.012432           -0.782796           -0.812387