50
 
C               -4.172999            2.928899            1.580927
H               -5.182977            2.590082            1.296796
H               -4.252184            3.991860            1.858809
H               -3.864687            2.365115            2.475842
C               -1.799176            3.303636            0.921429
H               -1.456770            2.802680            1.840687
H               -1.893108            4.374953            1.156316
H               -1.021192            3.201302            0.147461
C               -3.592783            3.581833           -0.779258
H               -2.906765            3.443945           -1.630686
H               -3.605129            4.652578           -0.524073
H               -4.617819            3.348937           -1.121709
C               -3.146487            2.773907            0.447209
C               -3.085567            1.304714            0.083755
C               -2.034571            0.478445            0.335344
H               -1.172718            0.935365            0.818745
C               -1.961276           -0.941971            0.074509
C               -0.676920           -1.640379            0.310019
C               -0.704988           -3.032770            0.485900
H               -1.668428           -3.546570            0.454280
C                0.470927           -3.740315            0.710253
H                0.436829           -4.821173            0.866307
C                0.555539           -0.974459            0.321611
H                0.589367            0.108102            0.171594
O               -4.196946            0.818976           -0.504236
O               -2.920923           -1.640174           -0.313378
H               -4.823453            1.537415           -0.693966
C                5.992915           -0.572020           -1.164135
H                6.204259           -1.236635           -0.313003
H                6.847214           -0.605558           -1.859248
H                5.116826           -0.974195           -1.703192
C                5.439603            1.748135           -1.932169
H                4.550974            1.386291           -2.477735
H                6.290284            1.719570           -2.632223
H                5.273228            2.797469           -1.638835
C                6.972992            1.419487            0.034458
H                6.800925            2.454521            0.368062
H                7.856588            1.411841           -0.623139
H                7.200920            0.810404            0.923417
C                5.768546            0.867873           -0.712752
C                4.551274            0.966161            0.150950
C                3.267339            0.246833           -0.066622
H                2.447545            0.818465           -0.514569
C                3.080890           -1.035954            0.577480
C                1.742149           -1.684705            0.521489
C                1.687062           -3.070363            0.736209
H                2.625404           -3.600175            0.922889
O                4.388865            1.696221            1.106314
O                4.036897           -1.585545            1.117969
Zn              -4.878836           -1.394811           -0.821394